3120
9674
5829
6546
935
2236
8067
4530
1706
5874
5158
5170
7560
263
9989
6268
2772
9355
3222
1237
8976
8310
9158
7233
1761
2563
2178
7992
4558
10
5915
8439
9348
4508
1538
3267
7970
2037
5500
5028
4444
4829
2428
3379
3355
5702
7974
4944
2539
5189
2907
7604
6966
5580
1236
10279
2017
9498
3822
6983
8627
1700
5176
3417
4649
6104
8715
10072
4784
6946
4300
10432
7531
7899
2559
9974
5921
9739
8903
6484
2575
1858
1636
5904
1690
1962
4607
3481
2590
1158
3171
7504
7884
10155
8104
4781
7425
2691
620
6879
2775
2872
8725
1148
2603
8093
8517
4043
6574
5365
1171
10164
10273
9126
7146
6500
10565
1433
7606
3559
7517
2290
6366
8882
7808
1888
1398
2497
1024
2182
5725
8181
9913
546
2948
2492
10309
856
7642
365
10382
3373
10171
4696
112
4078
5032
7050
6368
2693
2848
2591
4000
2062
9801
2333
8571
8563
10490
3413
5627
4459
10107
1934
1791
1598
2589
7956
6821
8340
5779
2391
6011
2306
6464
3190
5
2166
17
10533
6868
7173
4252
3894
2491
9109
5801
6747
2557
10077
7481
6779
2740
8761
5491
9235
10517
5581
4553
1287
1115
4449
7295
5337
6753
3742
7377
1608
4441
9584
5869
10192
1233
3138
10344
9917
2728
2593
1720
9029
7908
2649
8142
1106
8631
6052
5685
8170
3086
594
3269
9441
2975
3538
9805
6102
5260
3416
3049
2901
189
2027
8972
5987
7291
1038
2157
6147
2805
1260
6300
2614
952
4280
6830
5418
9205
7232
2338
592
2035
1144
2457
1966
9021
6833
8259
1207
4517
9970
6994
821
3019
2773
7941
4123
9667
7478
2804
3087
1736
346
8922
4136
3697
5179
6697
9477
4789
6892
7652
5285
8943
10373
3731
9157
439
549
8750
405
1313
9510
4964
3
6742
3164
8952
2202
5596
3224
9391
1070
7430
6365
958
3137
8371
300
5062
5304
2189
9965
3206
2256
2213
1452
2008
8880
2240
1838
7263
5672
3811
10007
543
10551
8097
6880
6373
9707
2408
4961
2987
3580
1986
8431
9592
6570
1550
7851
5594
1776
4921
860
10054
2255
7277
448
6169
241
360
4033
6625
4338
9085
5119
5325
4064
115
8053
4382
9959
3427
7292
4029
3616
6196
10067
1715
6722
6822
1647
3390
962
9745
9245
5478
4002
4349
9009
3346
4187
5630
5138
1074
8033
6001
7305
5247
382
4957
6585
9983
8579
7304
1058
6818
3324
867
10074
398
3930
4370
8759
3066
7853
4632
8003
10492
699
8107
395
6723
7987
9861
8224
2717
301
6819
1490
5094
8906
5604
3539
1737
9390
71
589
7393
8817
7860
4332
9485
8825
7433
1290
9522
692
10225
4339
6411
8577
2230
5813
7212
9196
2277
4996
4087
816
4316
3169
3801
916
2695
1045
1397
5295
3528
2412
3887
587
5092
9507
3249
9793
10165
5853
832
438
4462
6963
5775
4554
5196
9545
1174
4785
9121
218
982
6533
3391
4192
9322
9379
3487
5160
1449
8640
9643
9672
10248
3824
9335
2926
1132
4221
376
10121
5210
9634
8489
1820
9045
6829
6992
10150
4691
2463
1796
1382
1462
993
1416
6118
9088
1967
5928
171
5046
2103
4216
10006
8686
5873
9503
2515
8791
5338
4007
8852
8587
4904
2139
8591
2235
595
9516
6586
9219
5809
8483
9685
1821
1050
4760
7535
2748
24
4344
7673
1454
523
4197
481
3602
7714
665
3313
10433
6893
8647
5554
7626
6434
591
5720
6404
5696
4264
5934
7278
10475
355
4452
1017
1153
10542
4246
10412
3810
1188
7062
121
486
2128
2616
3099
290
9271
7882
10420
4243
7020
9747
5946
8100
10464
7674
3640
8667
787
7833
8234
5888
4497
2307
9740
3856
4322
2900
2378
2807
4008
95
4242
6122
7847
5469
6854
9902
9703
6898
2460
7131
3825
1799
1864
8634
6393
10441
6487
6872
10404
8216
511
5878
2631
9924
10388
8853
5163
10385
6920
149
8581
7547
6120
2495
6101
4766
9417
1910
9430
1465
1028
5569
5219
4774
9115
5667
8747
1491
3840
7057
693
2143
3630
9867
9183
3078
3974
4564
5837
7763
8682
3584
8511
782
7106
5698
8293
4198
7623
8473
7012
4215
4972
8376
8576
645
6786
2441
1417
7079
199
2379
1394
4584
1246
5488
5847
6175
7073
6884
8505
6338
3308
8277
6505
618
7942
4265
1411
5016
7874
163
2056
5557
9622
5399
7717
10032
4744
3871
7255
460
4990
6244
9016
2968
2387
5730
7931
8782
3681
4857
8962
2912
5758
2197
4359
5631
6208
5656
10580
2965
6091
7461
4490
5564
9110
6000
236
4685
10486
303
4240
9260
4373
476
1434
2316
233
7252
2837
6234
6398
10514
2023
10228
4182
2950
1251
3223
369
8537
1843
4237
2667
7795
1855
2761
6962
3642
2888
6709
6694
9706
8498
6391
4662
9944
6319
3661
3737
8426
5109
9891
119
9392
2604
5900
726
3635
3312
4881
5036
361
5318
857
3772
6309
4993
1759
3380
10170
10117
1662
3058
627
6610
9107
1424
8807
2033
9327
7594
9797
5377
3232
7260
2523
5514
4223
6149
1063
6953
7640
8330
5572
7188
3444
4967
5331
8027
8839
10550
3848
6517
5251
7590
21
8980
8464
8301
9772
7556
3912
4907
8073
10538
10371
3720
4152
5839
4704
987
5368
1047
811
6284
8869
6850
8544
1057
9249
1422
9056
5970
5567
8481
10358
997
2214
8646
3946
207
3484
4697
5850
10034
6463
3517
4534
6794
3978
3685
9904
8915
6008
4017
933
1380
1362
4091
8241
6165
7511
3156
5045
7842
1914
551
6770
2719
9159
4137
4681
8610
6737
4806
9304
1116
10292
7331
624
5703
9716
2285
5077
9152
3992
366
8585
8804
3603
5139
9530
2869
6272
312
10460
160
7145
1475
8195
714
7734
7411
7538
9895
7128
6619
9022
3077
8830
2223
972
489
3505
1179
9644
5989
6984
1086
5498
4259
8458
1809
7419
454
6974
10311
4602
2755
8412
4092
3837
8120
2094
10038
161
7991
8279
7218
6950
5086
2142
8662
3044
1172
5268
4861
1654
9285
2359
2370
10474
1954
5441
262
2973
4397
9838
2150
7549
4896
3221
6483
9373
6788
9082
9946
7825
8907
2179
9500
7449
4742
7383
6840
4480
2386
2527
8846
2060
3228
3268
6760
1844
3876
1859
176
10102
9222
9437
564
9361
441
4049
4542
8323
7750
4800
7646
3440
5741
6144
9472
1629
7489
5933
3849
858
3229
6632
3096
688
7930
5634
2218
8504
4492
7712
3005
7752
9948
3920
683
8877
2600
7038
2466
3705
5017
8275
8070
8982
4469
3309
3180
1656
8025
698
4129
9046
7404
9591
5819
1779
1282
6010
5190
4962
3287
9549
7338
9788
7670
4146
2045
9294
720
10397
3395
7928
8044
9839
7806
7519
6584
8733
6297
9263
5241
1640
2813
5623
7686
7066
6186
3987
9903
3897
1137
2908
10391
1570
2070
968
7176
3410
226
7003
6232
5363
7811
3712
2676
8552
3548
5168
7390
1152
1673
6250
7432
5595
164
7544
1164
8998
7936
4572
6669
7254
7351
8764
581
9221
8276
6535
10496
3937
4335
1963
1564
2200
4076
1136
4106
406
9680
1496
1049
6773
339
5601
6360
1156
4128
5471
7567
8973
9341
3047
5700
3547
6731
6537
91
9369
4507
2796
6337
1219
1869
5240
583
5968
4616
2286
3997
4026
7216
9071
2573
2372
9737
4676
3388
191
7414
6689
1581
2635
10304
6279
9050
9043
344
2528
820
77
10355
6403
6571
9274
1692
4260
8196
3783
1937
6410
4790
7132
2135
6485
4171
63
3831
2278
2001
5800
540
1442
7093
9034
9277
4844
5999
3468
6929
1410
4407
4864
8237
9760
10084
4301
6127
1078
8855
177
3462
6221
629
9339
7473
10071
5770
1630
2994
1908
2053
7588
6429
8110
8582
8411
8736
9547
3469
3131
3007
296
2721
1023
10138
937
864
5226
1082
700
835
7647
3570
3038
311
8905
5629
3290
8138
4404
9004
10115
7551
3210
6652
6744
964
6455
6781
10133
9005
3653
2025
4234
560
10479
7329
9450
8580
7502
9555
7466
1794
657
1924
4275
8438
2041
10177
8864
2296
686
10202
7262
3109
1590
8946
5615
5090
8983
7459
5774
3710
1874
9581
8007
3158
8443
9700
7349
5677
7148
3689
6542
4973
8136
10229
9931
3607
5386
7294
7423
4975
794
2105
1438
8800
6896
9442
5151
3531
3981
8449
5843
10293
496
5824
607
1069
9194
2917
5446
2267
6334
10284
6159
512
1744
812
5271
6886
5114
8748
8813
4014
10137
5425
2956
1943
8285
7633
9763
1160
426
2331
2500
7282
8496
7514
2718
4095
4949
4985
9305
10332
2237
4028
1200
3641
8467
5931
3541
1901
8848
4519
3910
3699
2314
3933
10182
4327
2487
8031
391
1872
4718
2852
3756
216
396
5693
6675
8299
4375
5701
10069
3243
74
9193
3076
3117
6446
4666
4827
8975
3900
8049
3557
8268
8529
8866
8510
6885
1589
10076
1976
9256
8738
7827
7775
4503
1652
2809
4363
3092
7112
7001
5088
1555
1443
4928
307
8780
8286
6531
10300
8457
7995
4261
3147
7495
3406
1456
6209
7965
7201
6418
10109
1098
5917
9999
1772
1939
7124
5912
10395
7105
3490
1958
7903
6627
9398
8476
1539
10157
3470
8270
10050
319
2878
5524
2304
10493
5726
1526
2308
2072
7705
7677
8471
1296
3414
9813
6187
9067
5591
1730
3050
370
385
5899
3814
4521
6614
4473
2476
1303
5654
4125
9827
6324
8690
7021
3035
9259
7178
5820
6636
3266
3540
6991
3686
3853
8240
4828
62
9227
1480
5659
190
4088
6123
9779
2098
9937
3319
2419
2845
534
2681
2648
4581
3504
463
7312
4720
7612
6768
10260
909
8675
4680
9566
9710
8872
3959
886
2251
9470
5440
6859
3913
9352
7339
10142
2641
3925
10149
8269
9846
8956
1542
7637
7772
6197
3374
6915
8921
4274
9111
9397
3971
8320
3965
2085
1783
3516
8462
5101
10280
9213
1882
3639
4336
8589
9531
3596
335
3683
1697
9980
2680
7142
1311
1289
497
9387
7397
389
9206
7388
414
9154
2958
9916
7087
2921
1819
5193
3061
326
8395
7749
4383
10270
9172
6808
1837
2971
4933
2810
10541
9346
5031
2622
238
1800
8655
7985
7048
1489
6214
3041
1548
844
891
5523
2048
8385
8487
1212
10462
576
3265
1210
808
9833
4131
1088
6797
9954
557
6908
8174
8638
2258
4353
7682
8808
6107
1994
87
4073
10002
1505
2567
9320
6111
4711
8602
9872
9382
4186
8927
3776
3478
7706
3533
4705
5955
5254
10258
6971
998
5651
175
5054
67
1351
4837
9629
5192
1414
6766
4699
7870
931
6580
7694
3423
3225
10312
1253
272
9733
2647
9127
4751
641
597
7482
8288
6048
184
10021
3723
6225
9139
8768
10046
7935
3136
5540
4590
8205
9296
1531
204
2978
10502
1917
7413
7239
4866
2485
4453
6296
728
8501
305
1834
7179
4020
6216
9292
7011
7737
8034
7391
1360
9487
4254
2312
7867
8009
7462
3527
6642
1725
1528
2802
813
3216
8447
7249
7791
7376
628
10023
7984
8065
7313
1483
2709
4406
9014
6321
224
5416
4232
1806
2348
7092
8410
7184
8777
492
6028
9290
5144
8985
81
9991
1128
6605
7579
9727
6502
7310
6351
3565
8497
6453
8257
368
7350
10141
8004
1276
5768
4031
1873
4415
8051
10396
3984
7476
7584
1343
7469
5849
1163
8930
716
4303
8507
9195
5460
2399
8328
4767
10297
348
9731
328
89
3597
9978
9689
5172
9866
4569
4621
5445
3446
2044
8583
9748
9443
5128
6711
2725
7955
4202
1847
6143
3292
3008
3510
8453
9816
8180
8368
7287
2215
6040
9907
4821
10118
4050
1665
5570
5988
8461
1203
7648
6038
5576
3862
7855
2876
4589
9025
5387
4568
8990
7110
9031
5178
9860
8147
2443
3362
7416
3741
2185
8524
4710
3199
7186
4156
4852
601
3746
1973
6105
7259
2892
4102
4652
996
8105
9242
4302
479
5665
6601
4544
4860
5536
6004
7483
66
9302
8423
4048
1762
4047
8533
3813
6298
1283
8066
105
1974
1142
734
10008
6519
5248
7709
5786
10232
6532
4082
8217
2503
6655
4673
4594
8758
7724
10143
7616
1354
1389
10040
7467
4947
2633
6734
5297
2113
6989
7904
7069
554
6474
3118
4270
2977
5892
5737
2396
2822
6942
3114
5657
1007
7163
1580
6179
2465
8482
8193
4493
10547
3161
5265
8805
4312
1067
6227
2081
9979
6618
1841
1361
2252
6577
3311
1378
9633
566
9092
4212
5161
9032
1271
890
8098
5283
837
8841
6539
8164
6353
5369
7820
2108
1033
7197
5381
6305
773
7054
16
5091
4978
4872
6162
10267
10453
8045
6438
4867
5409
1947
7410
8357
3644
1138
7366
8324
1377
7043
6063
5790
8229
2595
2982
5724
6998
6621
7770
5994
1186
6985
1338
9824
961
7835
3466
2585
1487
6810
7497
5823
9604
9197
9314
1913
3600
5628
6881
810
4225
4207
1969
906
5848
9778
3463
2305
254
8271
5252
921
7999
4451
2169
3286
917
1092
7103
2209
5959
1559
6132
9712
2621
10527
9743
2119
10354
7195
8402
1763
7655
5202
8509
7076
3571
3183
2827
5102
3458
6329
5610
5555
1044
1714
4986
2543
8543
4788
6275
9018
2388
8262
4055
6255
3595
5512
4467
5395
7343
3333
3902
9048
1197
9787
4520
3344
9759
9615
1401
4898
8674
1320
7061
1184
8079
6456
6299
9673
2710
1856
3968
7068
1114
7740
9192
9262
8622
6528
7115
1583
797
6700
90
10506
8026
3880
5411
9162
3719
6445
6633
8688
6313
1244
6772
206
4343
34
4084
6685
4963
9987
7344
2029
7484
4355
6911
6304
1754
2970
1240
4946
9093
7945
10087
8099
8326
793
2533
5535
2125
2724
4622
5943
9519
273
999
6357
1280
1337
8792
220
4324
6047
10313
3636
5901
1957
8929
544
4107
5366
4412
7321
3493
1159
8248
10581
7964
10213
4299
9188
7746
6207
580
8561
10361
8754
10104
7619
851
10022
4960
9877
8479
4672
5817
9653
8959
5713
1083
5507
6811
4134
6141
7202
6066
1568
4061
3067
3513
5792
1451
9209
3816
4578
8721
10381
10294
3850
7253
4311
8644
4580
10257
3882
2188
3411
9982
2222
10325
9563
1149
9388
3774
9143
5682
708
942
4505
6099
6952
9570
8382
6454
5918
5788
1087
4395
6783
690
1522
2310
6176
750
6222
3202
3238
7063
5291
777
8148
2639
5229
5832
9011
341
9520
5613
1677
3544
10562
6809
4032
10233
7741
930
1355
4541
893
6447
1594
10044
1241
7797
10461
99
7424
9691
4747
2743
10245
7546
245
3170
752
5157
350
8416
10003
1591
4940
8958
8289
8001
10424
3168
732
4188
6384
3899
1009
8440
509
8530
6493
10406
4727
4331
10105
8249
7501
6671
7718
3649
7920
3315
10028
944
8560
7591
4922
2678
7345
9928
10570
4326
2832
6969
5885
5794
5185
2427
6762
8820
7436
1669
10375
2843
9664
7243
1477
8247
3198
412
1508
7182
1371
9236
6645
4531
1987
2952
419
1190
4735
8876
9593
2895
7900
2289
1893
2937
1457
9817
6630
8960
2988
9690
2823
969
5204
8793
6775
8210
3553
1325
2110
10566
9544
7486
7028
1461
6327
4883
6436
6427
9969
1507
5098
8988
494
7978
6964
7510
2675
2216
102
1808
231
7929
4389
3980
3367
7701
9
1400
8341
4318
2660
8516
3875
2361
4600
6333
3549
3666
9687
533
3420
6725
7371
6432
4066
10436
5616
6965
4111
2964
8608
6996
8955
10346
5203
10185
2690
7229
8558
5065
4775
7443
1543
3786
3573
4688
2609
9151
1688
7897
7896
8794
1425
6073
252
6480
9019
7834
9840
59
815
2019
8572
5357
2327
9810
9773
6761
6552
4446
7891
6443
1867
6635
4862
5812
2803
8978
9505
2834
7490
6471
3868
5487
922
9360
4347
4816
6137
3724
28
6364
1675
4716
9725
7943
2707
6085
6651
5007
9125
8309
8942
7111
129
6590
5122
3284
2173
5382
4959
2257
8090
2984
3926
2990
1052
6800
3203
3938
3321
10414
1429
165
8227
2913
1062
7939
214
885
1107
525
5871
745
2922
10577
667
1780
6579
7627
3542
9711
3877
5342
6563
604
7536
1879
3103
8154
3546
10326
2916
6314
802
8668
4856
4072
8287
7160
9465
498
9306
8702
744
5348
9651
352
7006
786
8200
672
6540
3721
1792
5714
1995
1710
1300
6913
9278
7075
10198
7375
7306
7968
8704
8202
4846
4479
9283
6355
1039
1473
6174
10124
5181
10285
6178
10111
8029
2699
9631
8379
1537
9962
8118
2162
2242
4512
5371
10039
5639
9247
5121
10221
4408
8407
5559
555
6889
6295
6877
3187
5727
8720
2488
8763
106
3807
6461
9051
791
8760
6060
85
7958
3052
1500
8812
3204
4438
7996
9994
6009
8366
2130
5747
8022
8225
8492
1595
1227
7125
3453
632
1876
4537
4595
320
7358
9713
5609
2471
7403
711
5883
6139
954
4315
3556
5220
10456
1279
9326
8413
5675
3796
10469
1113
8347
9791
1
7456
381
2610
840
4054
3236
2204
5055
3506
10200
3665
461
7231
1747
1622
7885
2526
6611
1541
5233
1582
7565
5078
2473
2152
573
9688
1439
452
3072
116
905
2930
2825
6381
3806
9963
3090
9052
9374
9764
8331
3340
6448
6957
920
6736
4639
5183
7330
2324
1403
258
4538
6650
2504
1562
8050
3698
7754
10103
4995
6834
2020
8035
4224
7374
2636
5495
4445
377
843
2121
8785
6975
9171
9572
8765
10214
6956
5466
7841
2426
9434
4180
1150
9381
5360
2272
2568
5133
2818
2084
7053
4651
5617
7245
9308
125
7580
823
5132
3074
4891
8849
4484
1955
10451
6231
661
1101
10060
5468
1664
1026
117
5346
2177
8296
1455
288
8692
2016
10173
8218
7311
5782
3193
8584
853
8064
9925
3357
3995
5973
170
5129
5822
9942
9723
8040
5909
3300
6396
3208
1767
2959
8260
4272
8013
8390
7429
9598
2004
6815
4104
9024
4230
3023
5300
7949
3485
8242
5299
6086
7667
8235
1346
4481
10516
1978
7778
9811
10509
9280
5051
749
8354
7793
10307
803
8
4614
1575
5162
5971
9676
1797
1469
2248
7831
4892
4500
8377
4217
3322
1111
3345
2141
7998
2357
10083
76
8415
10524
3451
322
9334
278
8139
4728
3279
1883
1745
7982
606
5324
6044
9337
6131
5322
9932
3996
5738
4291
664
8358
1997
5513
351
7890
5511
613
9708
10484
924
7171
9682
8159
1166
4038
19
8091
9401
9722
2326
9526
5780
3294
9404
2596
8401
10247
7561
623
2615
10154
7628
10281
10422
4689
2454
1189
2009
6921
9270
6441
3832
7442
7281
2525
9912
9665
3606
7743
1146
7672
2626
9028
9720
4369
4027
9662
4296
2011
9502
6380
143
4506
5403
5089
1703
3911
8185
896
388
50
10579
6561
10120
219
1829
9238
3499
1012
2021
84
7290
9496
5881
10529
4756
7180
8272
4295
9582
8981
10442
10266
561
8140
13
5103
725
7863
3964
5074
9463
7924
659
7022
3754
5027
8346
6496
1906
9888
6750
3157
10092
6285
6714
6406
8184
7681
528
5960
3511
7267
2380
2315
4398
5844
61
3091
8173
7367
1347
3615
7656
2552
1441
8432
6223
3226
1444
7552
3632
2080
10059
4713
3378
9165
6043
2411
8113
4982
9232
2947
10249
7013
2628
5936
9281
9175
3907
753
8166
5911
7832
8526
6390
4420
3605
4815
6891
7226
6288
9293
1868
1588
6653
430
3014
9943
3828
7947
8999
3884
9120
357
4127
5159
7597
2953
6414
3443
4807
7498
1079
23
1749
3424
2344
4777
9251
2511
2537
1927
6478
2275
6924
4184
4005
6530
56
6503
6166
3550
6573
9039
1085
7056
3942
4732
6733
6790
6083
852
4143
9536
7257
6097
2583
3781
9402
7044
2374
2659
6247
10147
2253
4271
9752
6752
6442
69
9136
4917
7322
6597
4236
2687
323
4539
2713
6200
6527
10327
1732
762
9859
2059
5437
433
4592
2601
5047
3646
6745
5854
2806
5310
4693
9900
2168
6917
9307
3439
3299
6926
1327
2079
8212
1372
3711
8687
10250
9147
6581
2514
324
5896
10360
8318
8252
169
7684
2896
6409
30
6941
6923
5255
4200
887
4401
7394
1277
6198
6472
9699
6194
2280
8590
1447
1453
3921
1889
9567
8338
6420
709
9179
1205
2931
5277
10415
3994
761
4262
5922
2498
676
4903
8199
7465
1302
9602
6164
7153
1944
8545
9356
6777
7264
8836
4141
1682
6182
1961
3694
2413
929
6082
1946
2650
5043
6095
5317
9447
9892
2244
1420
4058
6136
5218
9495
10468
5766
2619
10289
904
9386
5298
9459
3979
9524
8063
1445
6100
2814
4178
4447
1977
1569
9312
10583
5383
4319
10342
2065
4110
1370
6116
2447
10314
2566
3310
242
5583
7848
9826
3479
4524
4724
8378
670
5597
202
918
3785
1960
3139
10064
5992
4165
42
10116
8133
8774
7308
759
4563
3752
8887
7555
1333
4414
4913
5502
8362
5319
8741
6870
4674
5539
6408
7528
3079
8620
568
633
9084
7275
4476
1713
1625
2558
1291
9131
313
2538
3586
7227
1789
4103
5937
2839
261
9650
4608
6383
7542
10078
180
6866
5222
5361
7893
8611
221
5344
2194
3003
2509
5668
340
3089
4470
2666
3846
6874
4708
4706
9226
9411
4916
10162
795
5494
92
10190
6433
9985
9168
8709
4396
7102
5749
1119
3055
6092
432
8265
4471
6784
5783
5728
631
9671
1504
871
9309
733
3415
6290
3255
8294
10558
2859
5983
4661
10393
4065
5938
5947
4206
2203
644
3382
10564
1521
3304
10206
2657
98
3002
6667
3200
9420
940
7189
8734
3098
2459
10299
4483
3821
7324
5008
4678
1557
6674
639
9257
185
1431
5949
187
2767
1428
2532
9094
2817
1634
10508
5025
705
8578
239
6704
9927
2597
374
8632
6801
6037
6871
9114
7276
7273
1544
9754
1252
3155
9550
10452
5868
4118
2187
9112
9163
1204
7161
2860
2782
3457
5493
1450
1340
6589
4987
4768
6078
2726
8790
447
5544
2744
10156
6323
5944
2508
10374
9199
3706
7271
8844
9742
6145
7854
6499
1607
1912
4798
9273
194
9696
5071
4060
8121
10548
7609
2106
6716
364
7711
4282
1996
675
3715
9282
8333
9489
10269
6814
5776
6730
8361
1261
9216
5926
3325
599
8345
10515
462
3682
2620
2123
616
10296
1359
308
3053
5246
7185
7644
3073
7957
9427
5772
2696
2328
2353
9234
7133
9868
197
4140
1863
2516
5405
4501
859
1100
4763
4522
2797
4489
5650
2582
1319
5477
5952
9419
7533
10365
2753
2790
9541
10554
3864
2000
7123
4974
1676
3830
1369
10526
817
5270
3486
9610
897
8101
5269
8039
6596
8641
1897
1048
3201
10394
2120
5232
1674
4504
2126
8183
6070
4929
4980
6602
5430
7023
8612
6452
2477
6970
10348
2073
5356
10519
574
5444
3438
3365
7817
7272
4948
532
3759
2321
6142
7129
5239
5273
7875
4461
10114
3690
1125
2955
4638
4298
9595
260
9298
10235
9081
46
7971
8292
4730
10066
9984
5174
10178
5408
1602
5113
4010
3492
8446
4189
730
4368
3021
7657
7415
375
5309
6907
7487
6767
658
5923
362
4702
3013
4700
6993
640
7141
9794
6126
477
836
3589
5957
6289
3282
3389
3908
1105
394
2945
8677
8532
556
4858
9467
9203
7341
10405
10511
5735
7471
7550
7072
3730
8081
1765
7986
3623
3905
470
1267
8542
3460
5479
6968
2992
9767
5744
3508
1930
10379
2920
1611
6860
7405
8920
4097
5455
9170
4464
7950
9214
3332
336
1476
8206
7266
2716
387
5212
1037
7426
10545
2731
882
5105
9578
397
6350
6133
10525
1001
2553
7515
267
3952
9858
2705
6045
771
9975
2494
7074
5745
3782
2739
10430
1143
4854
3509
10024
6425
7034
9122
2394
10481
3826
5587
1396
7529
1805
4636
8238
3015
1639
3135
1022
5948
7577
764
6036
2012
8547
4923
1686
3004
2346
6239
3143
5840
3046
1427
8278
5245
2445
1618
541
3860
10188
3375
7097
8896
5571
292
7493
10073
6129
6158
8914
8353
9884
1255
4669
2164
4074
2766
3664
2191
1510
5930
3354
9375
5619
5104
3893
4966
1992
1885
8951
1624
6065
3861
5120
1228
1571
5712
9509
10561
3349
9957
8115
4574
2096
3009
6121
2329
9669
2565
3431
9113
4575
4079
542
1368
3551
10236
2625
9960
10011
3191
5392
7969
6641
6466
4119
3022
4
2944
3562
1484
5398
7756
5177
1032
4529
8661
1448
4582
2611
3716
4780
6659
1814
7792
7774
981
4549
6939
8419
4021
7509
1827
5547
10357
8925
3148
6345
235
9394
6522
7625
520
5753
5552
4056
3347
7836
6056
5752
3352
5069
2246
8429
9894
9600
8867
7710
3590
9857
2664
8945
7175
7601
9078
1959
7798
5831
1185
5648
2757
1786
9606
8456
8253
6090
10407
9428
7067
8123
5935
10195
3753
3609
7373
7446
10204
6930
1909
7889
9852
9117
1790
1915
10329
7468
9449
8435
1415
919
848
3758
9728
2127
4796
4201
2938
1848
9063
5166
6128
8455
2292
6042
6724
8603
5457
7585
6080
2606
9439
10308
6096
8870
3408
3270
8784
1696
9751
7937
3935
4164
9248
8388
6490
7204
1375
8111
6696
1503
3214
2493
9156
6927
9789
4068
8052
7016
6918
10277
7241
866
6458
7230
4153
7315
7879
3093
2864
6135
3993
1596
4422
5048
1225
7454
7725
6109
6117
8977
9490
10187
9758
7247
7722
5084
9385
5673
6951
2336
945
6647
7428
4719
7621
5732
6335
7174
2136
3281
4911
8609
7859
8518
2688
6648
101
1242
1815
181
1265
5662
7399
7070
3368
1984
1925
5006
2868
5798
768
1753
870
4733
4305
4863
9469
5503
7872
9338
5472
212
5543
5860
8520
8244
4640
10521
9511
1988
5289
6728
4113
3727
4654
6583
5072
5188
2791
9299
4642
9347
7369
4920
1751
4628
9620
3445
8454
7658
107
9952
2794
1494
4586
1436
2919
2171
4830
7422
9599
7166
9091
2741
7782
7862
9564
10410
10211
2458
7058
1551
7840
10167
10017
6615
784
3594
7843
8534
3688
4256
7697
8868
1215
1231
7873
1201
8801
1660
10263
2939
5195
2472
6679
4543
8041
7398
6152
126
1270
3048
8506
3230
130
5990
6754
6782
1318
390
223
5638
4717
5787
5228
383
5688
5608
3767
1068
4478
8626
3577
8474
4205
8926
2245
6348
547
625
1122
10445
6089
3025
2295
6094
7914
4204
9353
195
1194
7951
6695
8306
10129
9303
5009
331
6062
7158
6692
10467
2969
10148
5558
3878
1707
9421
758
10578
1090
8658
1458
8842
1310
5443
6498
68
3285
2354
8714
10128
8919
7800
10557
3483
6738
6944
9784
1235
317
5402
179
4938
9295
4835
5110
3220
2738
8015
9990
6931
367
4208
3195
5146
3396
3990
1316
8002
6242
8557
6482
7695
10242
3650
5173
8684
6743
6604
7280
2479
1177
2510
3798
5584
6707
9190
2668
8452
6979
7235
3237
2966
5038
4509
4012
10113
4159
3815
4080
8232
9583
8901
9972
8787
4099
3771
7881
9030
35
9611
9457
876
5280
9475
9266
7888
7918
8798
2364
3973
7967
2229
1756
4304
4194
4953
8155
4934
5400
7844
10268
4795
5234
3535
3770
2534
26
9777
2588
1395
8477
166
9527
2449
1631
8723
1437
10339
6167
9574
5153
3671
9261
1911
2909
8012
7155
9953
3784
8192
1604
504
3536
7409
3842
4950
8757
2765
9068
5019
2698
7824
3387
5279
7954
401
2433
3851
3750
3988
10544
10108
6049
1386
5347
7441
285
1390
5230
1971
2854
7522
8189
5422
2577
1644
7464
3736
4797
1584
5427
4838
5563
10398
2228
766
2587
6832
6075
529
3477
8950
778
1284
7244
3552
828
5448
7151
7979
7696
8056
2866
8214
5302
7952
3275
5150
6592
2777
469
10290
5316
6751
626
6748
3151
7733
695
7799
8213
5323
3514
5095
1364
7285
9660
7839
4011
9146
9663
3471
3518
10181
4656
5293
1309
6720
9138
8601
647
3645
8087
8928
1824
696
2282
3881
2940
4612
3568
10222
8616
6710
3591
6160
9820
5296
4874
4545
5217
5249
7480
434
7065
8963
10489
3173
3084
4822
4482
7607
8515
8613
7732
4570
642
248
3663
2846
5671
842
8766
4722
1292
6506
8398
10513
353
2677
1374
8400
5501
2283
2551
4740
4149
5645
2742
10428
6241
6005
7014
2880
8843
6317
9074
1938
7389
5336
8597
4285
2853
9349
671
9744
2233
3836
7071
9409
128
7513
1468
1699
10287
1408
5037
3179
210
8659
4814
1015
2549
8993
8167
2849
4277
5301
1127
7205
4515
3967
4753
8356
168
7520
10158
234
9874
10340
3578
2055
5910
4994
2271
980
2507
4765
4139
2158
7440
9635
779
4071
2682
10230
3452
3274
5485
9947
8893
8796
8935
4619
5965
6521
7104
1857
4494
951
9070
4643
10537
2629
8994
6020
442
3343
2039
1430
1941
3422
255
2685
7660
5294
2904
9454
1342
1782
5716
1314
2018
9357
9060
8642
5401
6763
5315
9792
3934
6624
4185
9865
6698
1898
2602
2054
6544
6270
4725
8223
8295
1109
9514
9038
8256
9627
5761
8307
4566
9345
9244
3326
2382
475
4062
6022
96
4248
9781
9400
4792
558
4818
5808
824
372
10136
1940
5521
9250
4018
8220
8381
474
2066
1187
8861
8317
8469
572
3278
8143
1387
1532
9996
6691
6987
7960
6039
2199
4981
10075
8109
3563
5784
9343
1094
3030
5081
8923
1134
39
8010
8325
3805
10298
10196
1214
9186
7993
9768
5010
8651
5137
7629
249
8679
3175
5340
230
838
8068
9636
4587
4888
4372
5588
608
1964
6638
2334
6509
7587
3667
1180
978
3376
10205
4283
2170
10210
5821
2225
8427
6125
4550
6805
9534
152
2550
2715
8974
1771
7678
8799
7887
7599
3953
1281
1896
5033
6869
8343
7919
9371
7569
8535
2578
392
1258
1617
650
967
8239
2243
6074
9732
10062
3498
57
5855
7024
4893
3474
4991
2838
1921
5134
2851
155
9746
8698
8875
7938
833
1330
5257
1506
9291
2889
1065
1193
2700
3865
5590
5263
7447
3488
4138
3432
2032
4117
2442
4734
435
1223
2274
316
8417
159
8141
7586
7479
5880
6157
4046
689
6595
5510
2231
4094
1008
6608
5777
8832
9964
2175
7819
1013
707
5467
7088
2942
6566
5767
1632
2768
9896
5678
1651
5690
2506
513
5424
4314
6310
7618
10421
2703
5171
9614
5075
2989
9694
10427
4951
8752
4352
2435
5894
5537
5209
610
2732
4557
8606
6606
8550
5541
5836
5633
9201
3480
4434
5733
4279
2554
2190
7926
4105
6041
1628
7512
8251
5124
473
4174
8478
4114
8134
4116
6416
789
2932
8811
1027
1341
4910
4292
8519
8472
4016
1798
4770
1884
7047
7910
5461
6252
306
7140
2369
55
4884
1818
8406
1060
9145
7634
8953
7826
5778
1034
4294
22
10130
8389
5506
7381
6559
9133
8607
5826
5528
3006
1393
10216
2036
6253
7909
3336
7365
956
9968
2795
6212
5803
9393
1135
9845
3472
3936
7401
7039
5825
2941
3280
8037
6867
4378
5035
2752
6372
5003
7427
4778
256
7615
2269
1592
1467
8374
3611
868
349
4210
8918
380
9087
7284
740
4052
1056
5793
5846
4523
5542
400
4782
1030
4786
1793
6180
3792
8857
8795
4175
4306
4024
4701
4135
5111
5396
4333
6997
147
446
5517
1307
8175
7109
9275
5353
3625
2997
8122
4085
5978
1006
5562
1998
131
4181
5612
10061
2455
2584
5201
4365
4637
3725
2925
2377
1968
1016
10539
246
83
2689
5438
6339
8546
8231
8536
1029
7624
911
4472
1003
196
6325
1358
6735
9276
9955
6201
2180
1832
2861
6825
371
5085
3845
3430
5391
1328
825
2317
7220
9481
2733
6210
9288
9647
7699
8701
6206
985
7317
7823
9272
1209
1263
4120
1560
2444
4918
1970
5805
9027
4516
7099
3838
2736
7572
1035
10063
8847
9580
9835
7912
6705
3361
5140
9289
5100
4177
6172
2787
8267
9207
10532
537
9579
5145
6021
6890
8636
5165
4004
3749
10500
9681
1653
3809
2416
5458
8727
9212
6897
9461
7698
1126
268
4630
9017
7360
2960
10203
167
1852
4124
2877
10528
4307
4927
9423
2429
6387
7576
530
4623
934
9118
10132
1474
8011
6071
9705
10319
6905
9351
4737
5773
2873
1803
2871
9403
3765
3945
2268
3669
2749
8628
809
8897
9173
1572
4384
602
5906
10135
4067
514
3744
839
7704
5531
8637
4887
10476
6286
3983
7809
7593
5066
8528
4611
1363
2003
1895
4684
6556
7488
10001
5221
9836
9160
3700
4686
10336
9486
4454
3791
3773
3722
9246
10051
1687
9849
7632
7396
5526
4535
2771
7256
9529
8036
8014
3634
9057
3588
5954
651
8598
6792
7348
1576
4465
4731
5004
8947
3130
3829
617
2069
5838
6945
3969
150
4278
9675
6511
2010
7029
2335
2077
5890
4687
634
7208
9679
9504
6371
819
10055
4227
10534
3647
8233
4979
5197
9106
6591
8092
8856
3999
1178
3436
6501
6029
8588
10401
8845
5754
9988
5390
9658
9383
7333
9241
939
6887
2371
3253
6362
9252
9641
1077
9855
5520
1365
5335
6629
9804
6878
4426
3599
9407
3515
124
8695
3318
8937
7948
2133
6349
6054
680
7455
10518
10429
7040
10499
5305
10030
6658
9677
1918
6148
6306
4738
2737
9909
8746
5516
3873
9559
7078
6213
5810
8574
1108
1331
4096
5886
2949
9586
8617
1221
9329
4739
1533
3146
1731
1286
10036
7046
8979
269
4955
10535
10567
1250
9670
2943
3962
518
10065
10009
3693
4423
7990
8169
9981
5314
310
3866
7314
3119
3654
2546
8967
4748
9815
9445
955
8250
648
14
5186
2789
3298
6688
5956
2484
2350
8095
9506
654
8821
8327
829
1802
10459
6003
1139
722
1833
1853
9765
1183
6836
10168
8152
5099
5907
8711
9002
2007
7347
643
6261
2612
3827
1807
2750
878
9780
501
4238
6780
6046
7622
6524
4942
1623
7242
8788
1336
2174
9992
10110
5795
516
8430
4122
1635
425
1036
6407
5655
2879
976
7876
2238
7332
9000
4495
6959
1633
10411
9086
8556
2884
9358
6824
9317
2393
3657
704
8442
7435
1778
3403
7002
1080
7757
6699
6977
7083
8786
3762
3126
5546
314
10466
132
7499
8384
5976
1254
9898
5859
4081
9167
9940
8551
3529
2542
9026
6937
4169
5697
880
3307
8531
2891
9350
4077
8372
3521
3917
5123
4381
1952
7846
846
9033
4430
3104
1059
522
1054
1421
4591
2599
1601
6401
7355
8028
9130
10416
6666
7679
4427
5490
2082
10265
5624
9058
9429
6947
7121
8731
9814
5106
6820
4885
2115
4309
6922
7598
6240
7574
2903
3677
2075
4144
3769
4646
6948
9099
5687
6995
5320
10510
8957
1658
243
2856
9433
3145
1523
7923
4588
8729
1010
1691
6459
5781
4915
2505
9001
5515
6451
8629
100
798
1881
3852
3695
3497
807
9854
5321
3879
685
6928
7779
3956
10098
5394
6307
6087
2093
10531
5417
4634
6960
2708
232
10364
4439
9474
9951
6565
3217
10231
10053
257
5914
6727
2833
3501
2297
792
2167
2496
8814
9059
10367
8730
4859
9521
8933
1880
4126
715
7721
6287
4670
8319
3301
4939
8364
4023
3259
10560
6479
4432
781
5464
1140
5327
10175
133
7692
8806
9997
3428
770
4393
3036
4100
966
8077
9453
7352
2983
6787
7298
3660
363
64
5341
2887
806
5660
515
6444
965
9072
3576
521
9083
209
8352
10049
3673
3707
738
1972
1683
6259
7526
7508
4879
5000
4247
7438
8425
8908
3327
4958
1367
156
337
865
5393
2669
7959
9208
10070
10140
614
850
5723
7302
6568
5264
1051
1515
5945
4533
598
9384
5734
9359
6901
1435
8126
10543
5481
10491
4890
4250
487
6758
8540
7041
9435
9588
10343
10457
7248
3323
7713
4675
5026
2095
2300
8124
1740
304
8349
9412
8871
5750
73
8204
3717
8264
2409
9464
1423
6943
6465
3339
5112
10356
7060
872
3915
9036
9053
895
5345
9950
2183
8190
6377
1567
4289
4030
228
6035
5636
2319
2643
2340
1344
4755
1061
8380
6789
6475
6024
8055
10419
7671
7540
869
2201
569
3016
5927
2254
5756
7215
4101
10261
10037
3534
8072
6027
10199
1887
7190
4268
9396
4546
9585
2858
550
3026
6955
3273
6460
3608
10218
8824
6562
6219
7154
8621
1517
8594
9415
2957
6173
1349
9702
10239
1726
2706
4769
1167
5743
774
162
1509
713
1704
7994
10487
7222
4813
6119
10220
8016
2830
1610
7866
6336
9831
2451
3012
237
1784
10444
7818
7081
4560
3385
9089
2627
8653
5534
3405
4158
718
9321
2232
6670
9576
847
6292
5762
5699
841
6278
10100
9785
9863
2581
7883
5014
9919
4880
3687
2855
2808
3473
8743
122
4801
1217
495
6557
7301
7219
6245
172
5070
250
3056
2074
7316
8082
4388
6875
1404
7702
9389
5972
6361
6719
10582
3064
9812
4235
135
4019
7107
9240
2658
10033
7975
6457
7630
97
4176
3713
7738
6382
3975
5891
8342
7150
747
5905
1238
1948
4625
8840
9116
9692
10505
6622
926
3392
6322
6155
729
9340
2863
6665
7636
1982
7830
2302
5021
697
5362
1322
5621
286
9370
3213
4698
910
9808
5614
6676
8965
3372
2381
4385
8274
4556
3709
10331
7543
7055
3761
9645
3579
5740
6426
4350
6687
3691
6215
9377
9910
3532
7894
3177
9230
3918
2672
10351
6912
5851
1587
7199
3080
6481
10440
9930
970
3622
8851
9853
4745
5214
7169
7758
8697
7715
8562
3057
9886
7988
7796
4633
1689
3248
8020
5980
7357
329
4348
9066
5985
9169
6315
8828
5951
8756
302
9040
5642
4121
6843
10079
3648
7168
5358
3672
1317
2247
6236
3545
8803
10010
2513
3174
5913
6318
10480
11
4695
1419
7573
7742
7451
1089
3777
10119
10378
9822
915
2373
8521
2208
2124
3903
2368
5649
6238
2087
3037
503
6417
2607
158
2383
4499
1830
6061
2634
9405
9621
3105
9497
2112
4297
5080
5719
2058
8355
4419
7122
772
6019
4036
5561
5259
6347
10209
6776
2114
7566
3618
6660
3113
2638
5423
4162
5879
9803
1019
7147
10259
9103
244
6469
6712
9153
7
4040
1646
1919
70
9939
2031
1916
7583
2205
10573
7541
4132
2423
6684
1945
9300
8663
7496
6402
3194
10465
6497
2439
9875
7668
2996
1117
963
9918
9654
3572
7776
5579
5620
3141
8254
8595
10503
2785
8491
727
6853
3961
6032
8048
10353
5969
6204
3215
8365
1084
1195
9491
2109
4190
1845
9889
7753
5791
8904
7407
1399
1103
6973
2564
6510
8208
9551
3252
4214
6547
8865
9906
3094
5326
5982
1684
5453
8802
1650
1514
5599
8837
4323
1928
4965
2784
8499
4013
4645
7485
4823
553
1513
3262
4475
7378
6188
213
467
5566
9007
8149
8157
2397
6906
5852
6439
8116
5889
6617
5686
2998
8898
3940
2234
4526
3960
8762
6799
6910
1655
6541
7225
10323
1076
2470
2712
6363
7035
7236
2898
4093
3788
9659
6990
6064
4228
9065
6865
5042
4873
3587
2763
1301
9003
1524
6112
5436
10450
6081
3059
3949
3735
3679
1774
1748
6171
9344
1191
10494
2630
10183
7353
6741
4416
4624
9935
902
3341
4899
4276
1770
9523
8298
861
7571
7362
1991
9414
2138
6051
5589
2850
681
6277
141
2762
4287
7902
7614
2993
9279
1151
4810
9998
4191
8778
5476
10376
3629
8564
488
1722
4037
6374
53
6838
5073
7450
9843
8941
6007
9366
4617
3617
3823
6274
1678
5442
4173
8883
215
9776
2519
3957
4109
7764
7688
678
7539
4219
1295
8344
7913
2778
9905
5815
1671
6394
5676
1643
9410
8718
3797
5710
9807
2576
7379
6341
5426
5288
6701
297
3397
9851
7781
4626
8392
765
1709
7755
3250
347
8523
416
423
6858
3916
7137
6708
9444
7299
9079
1547
1285
251
7638
9596
9297
8909
5136
1638
3684
9264
4552
2221
7530
3841
780
142
6015
6124
5282
485
5694
1931
8863
8156
1485
10359
3523
6599
4133
4999
3234
4613
113
603
309
3929
1120
8755
10096
6293
4249
6806
5182
10042
4057
2015
1199
1095
8076
9376
6386
3581
9717
5804
8433
2946
1620
3859
4222
9218
8751
8494
3651
9225
7762
2432
1757
9756
5647
2754
7203
4179
579
2745
421
1118
7228
1169
3163
7064
7000
4834
4317
4803
10556
822
3140
4281
3512
4161
3787
343
9652
3110
7751
8179
6413
5012
4977
3108
8939
5433
6276
5575
3526
1685
8834
2273
6489
6740
186
6680
2099
4437
10478
3400
4170
9666
8664
8421
3018
7049
2697
2402
1525
7659
4075
3847
2104
10112
3335
2746
2483
2556
2046
9177
6555
3159
10081
5404
5125
2747
10472
946
8470
655
146
2265
9847
8971
4409
737
5606
901
2212
7089
8554
3739
862
2933
266
8810
1381
2481
5169
9557
3802
4679
7596
874
5367
4034
4337
8900
5683
4157
6002
4826
1130
9626
5691
6217
7293
6163
5372
1025
9769
104
1981
2352
8373
7728
2781
7901
9749
9243
5991
9834
1247
3835
9589
701
6916
10417
5330
7270
1385
9269
1502
7861
4629
7221
1735
6018
4882
9325
5068
1020
5343
8816
5333
1795
3393
4692
6332
8781
1446
3637
6529
4486
2148
7170
3812
281
7610
831
1764
1129
3793
5061
2902
6803
3212
8117
2663
5462
5087
10380
6609
7114
6134
2976
9632
2788
410
3032
10086
5064
5997
3708
7156
9755
7650
790
4211
9619
2217
1232
2881
5709
5261
5497
7605
4457
8386
990
9926
2456
5225
8891
6796
291
609
3176
6785
6151
10318
10377
9735
7981
3872
6504
4258
253
3668
7025
10291
9253
10262
5378
2637
5350
264
5482
6778
4954
7785
4098
7545
4376
7689
6807
345
9869
10151
1392
1553
638
7690
1269
7214
9324
8525
240
3404
4855
3291
2034
6976
114
2694
4618
3247
1471
1376
7392
8694
5164
8046
8549
4167
9678
4386
4919
3031
8605
3024
8829
6260
4897
8553
5830
7307
8652
7766
7506
3020
3306
706
4555
4712
6935
7223
5312
2089
3989
663
2617
8261
9062
10322
10426
2137
8083
3808
8475
8884
660
3613
10369
8226
2786
7420
1211
9648
1773
9552
3399
1175
10520
590
20
7033
3211
4547
567
6851
4399
8932
6110
7925
10212
1073
3182
3358
5242
5551
144
449
4606
10448
9468
10345
4683
7915
10252
8538
9265
3680
8797
2821
8722
973
9882
3207
8263
6492
3264
10166
6894
6978
582
527
3763
9624
5215
3233
3447
7108
2541
9228
596
2261
8420
7453
5632
7665
9318
1648
5834
1933
936
4605
7434
526
408
8334
7342
8708
8088
1182
5898
5553
2389
4667
9101
1755
88
9649
6228
8886
9233
8619
3178
6769
1388
4001
5977
8006
3186
9923
884
8182
5397
2501
10029
5147
3740
4817
10559
1993
4779
5412
9573
8823
7213
6294
9864
8635
8332
1701
854
229
2100
7217
6862
9076
995
9565
8732
7858
8707
3779
10283
9229
9332
8215
9331
4937
8874
7691
751
7101
2195
2337
4364
1681
7589
37
1413
1239
10431
9899
2325
6661
8996
1695
6346
8160
3834
2499
3363
6265
7335
5149
3628
588
6359
1956
8062
4895
8172
1950
9342
9934
459
3245
8948
3184
4362
5152
8890
5406
6344
8201
7193
5281
5641
2801
6016
4833
1788
8359
1870
9967
9064
9140
9921
4941
3334
6059
4729
8623
3714
5979
1379
9609
5950
2288
1412
8146
3464
3494
1813
5605
5419
5637
8888
5287
9823
3729
7703
1511
4229
8593
5833
7946
5057
2560
8771
5504
4112
327
10390
3296
8168
10316
7631
453
2134
6343
9501
4341
2862
7525
8391
5389
3127
1170
9608
2091
8854
8643
9471
889
3434
6168
6385
10425
5244
6746
4195
7224
6817
8058
4039
7837
756
1825
2774
8021
140
7149
2276
10194
3757
2842
8744
9210
6302
3338
1259
8565
6220
805
8315
5736
7635
7251
8085
5118
984
2250
6067
9268
7031
1275
2118
2092
635
8144
5308
284
6358
5023
3254
3751
6986
6156
3659
6320
9512
830
403
4772
444
5200
622
1965
3167
6115
3633
299
1626
3256
2260
8740
3244
4754
3418
3260
746
2154
6281
912
3115
5024
5828
9080
9164
9782
5993
2320
7807
4598
4726
2579
10458
8508
7159
9766
9223
2430
1463
3795
1659
1518
8283
3495
8940
4889
8934
6620
3045
10056
2758
5586
4905
4655
2415
7620
4886
6301
10295
8485
4620
5452
5568
4665
3258
9044
4468
7134
4321
5692
2239
1545
7880
855
6668
4450
5742
2756
6759
9525
10536
5942
10568
4342
157
283
2043
6816
1384
3944
6395
3476
8892
10303
1312
3218
9105
3371
2101
3858
437
86
9623
8660
6855
5811
4456
5533
5258
7303
760
10384
3033
8705
8818
8991
6518
7096
1985
2651
7191
10446
7983
9533
10571
2227
1249
6626
3558
9695
4832
123
5354
10473
9286
10413
2424
6283
8312
7649
10068
7320
7716
1520
6543
8273
1021
6846
5875
399
5769
4599
10027
5658
8114
2723
1220
5765
6183
8493
1926
2469
10328
10512
6423
845
8308
3409
1552
4743
873
1546
7518
9540
1112
5592
6330
5600
10310
7177
565
8986
1064
9499
6262
4631
4723
10217
1563
1849
9628
9200
6316
8650
4657
3070
2490
10013
2720
4635
9770
378
52
4015
173
7309
4912
8666
458
8221
1905
5227
7431
8054
8086
334
7810
8313
7240
139
9144
7813
4741
5034
6569
9010
5681
2220
2722
7090
2572
1953
1738
3132
9494
3461
9413
8592
5456
10409
8191
9220
60
4220
6656
2385
10139
6757
4502
1075
1932
1373
5349
4952
3386
2211
9478
6161
8600
7118
188
10253
8899
8630
2711
4392
1558
3491
10387
1817
8618
2002
9697
3069
2356
3931
7581
10240
4794
3454
9590
4936
4690
274
6837
4417
8885
2961
3160
1577
9698
3402
3283
153
8713
6114
4130
2819
9102
684
5509
4400
9911
1886
4239
2196
796
938
9354
3817
2530
3696
2536
8059
2453
5060
2799
6378
1579
2284
465
3674
6888
10333
7617
5143
478
9922
6280
2986
3906
7726
3972
8569
1353
7198
6981
3034
3895
4746
2026
4931
1304
4805
3231
8158
9607
9938
6233
6899
10572
25
6072
3662
7246
3482
6572
9455
9493
1866
1043
5861
7181
5431
2147
2734
6967
4089
6587
3963
1951
6328
3475
4750
9451
9020
4442
5666
6030
7790
5556
6657
5050
7651
5292
41
3775
2024
1000
10347
6828
4548
2751
7183
6424
9542
5893
1110
1155
2640
8997
552
5711
2122
10334
6639
7286
6664
6199
10439
456
7077
1308
9518
2911
10085
1561
8683
4831
1499
9684
5216
8102
9933
4603
5029
2555
7747
3601
8548
8074
6553
4487
5527
6077
5560
2594
1746
3102
6765
2401
7144
960
776
6034
3489
7098
535
6683
5194
2418
4411
1694
2653
10497
10399
2865
2735
1719
7052
10080
6612
9418
7708
8669
1297
6495
5806
8305
7448
7265
10191
2176
4842
5919
5916
948
3734
8573
5924
502
8624
2645
2151
5253
2574
182
619
7953
6430
4870
7864
108
1728
10362
763
10501
7966
8228
6079
3804
10498
8336
10255
2623
9556
4671
6593
9554
5867
3359
493
7210
4561
72
3924
2561
7645
6616
8500
3010
10470
8567
5602
2991
1663
721
9267
2049
5332
2792
6140
875
8742
5508
6146
3251
9095
539
3241
593
2323
293
8017
3718
2598
7095
4513
4361
10272
8042
10383
2159
8822
10477
8230
9548
8992
1192
4428
2936
2897
7457
3060
6273
2313
9367
5796
3692
4150
2362
8568
2812
8409
9460
7653
2420
7760
8304
4819
8322
5925
3101
3658
8436
1787
994
8689
7719
5067
3412
9316
1616
2890
9406
9721
7932
6249
9986
2193
2160
3276
8860
2030
8710
10386
3766
2924
9806
1739
2086
10186
4839
2692
4051
8691
5415
4142
9883
9098
5929
10160
2090
3747
6515
6631
54
10180
5964
7211
9709
3011
2406
4664
3040
1878
8735
8444
4151
8363
205
8911
127
9077
7611
9142
9132
3083
5529
5454
2730
723
2309
2146
2047
7608
9255
9775
5266
8135
1099
4253
2303
1407
4203
4714
3977
8490
7116
6940
6185
7911
7346
7663
5198
2531
4653
739
1426
6379
2384
1752
9311
3986
4682
1472
6058
4604
5884
3342
192
4924
4086
2351
51
6628
5002
1383
356
4650
5715
2450
9637
6303
6804
9422
4155
3128
1540
7786
2088
1498
1766
2779
8826
6600
9432
9137
6340
2076
298
65
7258
9879
9825
7973
2341
1705
4022
3951
2702
5785
2006
2405
8769
5432
2375
7030
10041
5496
9426
9558
923
3703
1727
2040
6560
2071
10349
3982
8032
8302
338
1222
1922
10244
10584
5272
2404
4485
586
1741
8005
3854
9638
6791
9425
3455
5278
8717
9837
10523
1661
3799
1527
2618
9515
682
2974
4063
612
5585
5721
992
1042
1556
10438
5385
8468
2022
3123
5835
4871
10091
386
7838
8502
10335
1627
757
5816
6634
1718
9914
5807
814
10317
8862
4894
5717
3991
6367
4003
8396
1176
9587
203
991
7564
6548
325
10455
6235
4334
5313
1904
3330
9871
4346
7384
4367
8112
9949
436
7364
5434
9180
3448
1990
4875
3142
2962
5231
3520
9819
9890
1822
3459
2083
3738
6958
4932
6682
2826
9738
1493
1574
611
1512
5429
429
3948
10352
3197
1278
5256
5410
3543
8329
507
7554
4562
499
7194
1846
2452
8753
4808
10418
8153
6900
5414
7643
6812
5748
3331
4514
10276
4511
4641
9887
10172
8069
1534
1479
2064
247
5127
3745
9134
1721
10005
9668
4357
1071
10576
5842
2906
9941
834
3537
7406
636
6749
7769
9365
731
4390
10174
3065
6677
10400
6588
7138
4663
1637
1612
1173
1712
8460
2360
4379
3095
9762
1096
1871
9915
7933
2727
7143
8938
6389
6576
2107
4160
6831
3867
2820
3081
5751
5474
9761
8676
6663
6468
3869
7491
5863
7127
8197
7765
7015
7664
3209
2894
9753
7004
9323
445
9380
7503
7117
5895
10370
3507
9155
2562
7600
7200
3122
9617
8604
1989
2475
8023
5640
5236
712
5518
8539
10122
7261
1828
1781
4410
2156
6857
9015
2836
6982
4403
3896
5876
5115
5996
4752
6525
1642
3441
4709
4677
2425
8297
7475
6191
2683
10094
1621
9239
2985
5053
10555
332
4463
2760
8615
6195
1723
7336
5862
3394
1899
2644
3257
418
7474
975
1680
6646
7548
9630
10366
7602
710
7323
7895
7452
15
4083
2163
4771
490
5059
4172
8393
7905
600
4380
4757
5097
1366
4443
703
7729
3898
1478
1298
3111
3449
6190
7418
892
5063
2172
5489
9568
318
6849
7666
5818
6793
2673
10163
2349
2844
7731
7372
6520
1486
1875
1839
7759
2605
8815
295
6554
3888
8513
2355
7654
10392
7857
1742
1811
545
1854
6961
8917
2654
8125
7380
5208
5920
9597
4424
7802
9119
1293
1294
932
4147
9920
6904
4577
7036
10447
3419
8119
10019
6326
8586
7789
3134
3029
3152
4802
148
7167
427
10197
2111
5680
7773
7017
198
2398
5041
1497
7767
225
6726
677
7745
928
151
5180
6980
6534
5420
7382
8912
743
5545
4585
6203
5083
3820
6623
4812
3701
6523
8094
5866
3205
10306
3604
7669
3437
6876
3062
7962
517
1585
788
9479
1743
9961
5108
3425
48
1975
630
7126
5238
3314
7027
6376
4762
2831
5998
2184
7788
1599
6419
9035
5191
5814
898
10278
1131
6422
5130
7794
7934
404
6845
7662
5223
8177
5940
4042
6053
5093
480
4759
8047
5486
5079
7707
1262
8348
6181
8071
7019
4286
7363
9741
200
6006
5237
9977
2421
9037
6246
5731
10223
5351
6672
8503
3675
4969
9616
5622
5306
7130
10237
10540
8448
7906
4510
6068
4196
7296
5096
1835
9562
7780
7816
1716
1804
6057
10176
702
5635
5759
10320
1979
1860
953
10025
3530
1777
666
8700
5013
138
9973
5573
282
6848
342
7639
1288
7400
9818
10437
1273
1356
294
6538
4053
10047
7582
8030
9795
4266
6170
9656
9097
1890
1418
9438
9848
5593
10184
2339
8480
1248
5058
4721
7463
2545
1578
5962
2927
9796
7613
8222
6264
5311
9090
10435
1891
4356
9310
482
5961
7268
6771
1004
6113
10488
6450
2140
5505
5626
6025
10134
44
5407
8672
6654
2662
9185
7961
2347
8466
9799
7300
5897
6229
5652
9462
8038
8693
888
6558
10101
9908
5364
6033
6861
3638
7871
3121
2684
6449
1865
3624
287
431
6841
7977
7735
4377
45
7524
8902
2586
6415
2800
5755
7557
7927
2117
4840
1810
6026
9655
6248
3582
136
9571
2608
5011
379
7086
402
4209
4865
4233
8555
3941
7563
10552
10423
7980
3932
1257
8186
8387
6607
8303
1323
1999
7917
2569
1162
484
8859
4809
6550
1619
8465
3172
2883
3555
8670
9618
605
4009
7812
9189
9215
7898
1850
455
8894
1831
6637
8772
10275
1272
2422
2828
5887
3554
9718
7685
10434
754
6192
8639
31
6706
7187
10224
8311
1603
4989
9893
5941
7162
1519
4783
4601
908
903
9399
47
3569
7207
6514
1055
10089
6257
1208
10226
5015
2981
8290
6388
10522
9800
5339
1157
7886
7196
10274
9161
2051
621
10153
7921
510
4596
9178
6526
827
1903
8000
6835
10015
411
1801
4458
9553
2656
8699
6513
8514
6397
7595
7575
5117
6266
2097
4394
3726
3125
3068
4354
8719
413
3923
3500
2934
3561
927
8150
5374
358
7877
1729
5307
7269
5625
1046
2042
8084
1268
1324
6732
536
6354
7408
9517
4288
1224
5435
3610
8833
10482
7136
883
7026
5175
3857
548
1980
4968
649
2192
5167
10219
6640
7521
8459
7829
2414
1816
2431
4551
9880
6852
10189
2206
8280
8773
5463
9613
1266
9006
2279
3227
4421
1900
741
18
7940
4328
5519
10161
4325
5428
2038
5375
3733
4540
2811
804
4901
93
8291
4576
9730
7814
2915
6681
5739
3922
10099
9842
1566
8061
145
8681
10127
7084
3350
2468
7008
9204
570
10471
6269
8831
3133
9473
201
9828
1230
4647
8075
1775
3426
974
3560
5695
6477
6883
2437
742
1942
134
6644
10018
1711
5939
5022
7821
27
4900
8728
7328
8678
4525
2929
8968
4787
4876
3755
8648
2063
6237
9734
5966
3303
7139
8078
6428
662
5827
3519
1350
10402
2954
9686
1923
1154
9174
5384
5669
7558
6055
3364
3088
6375
4970
4035
3704
8360
8966
1666
9330
4536
10179
4059
2464
5303
8570
5135
8194
5764
1339
1573
8770
7661
6392
9069
464
4668
6130
1357
5492
9141
8337
9452
3778
4811
5052
736
6243
8599
7009
9850
2835
8789
6399
914
8176
2665
4329
563
9492
3567
8656
9100
3153
6473
2885
8673
6690
3263
9715
3919
5882
7238
10549
7250
7761
9108
9701
5224
3028
8383
4703
9543
717
679
1141
2512
5465
5548
7907
5449
5450
2376
9135
9328
7370
4518
10016
9683
1769
9182
8335
1402
6756
2417
9287
9736
9466
7283
3112
3181
637
5483
9577
4694
7354
1165
6567
1907
1645
8779
977
4402
8936
9483
10504
2910
5679
9456
1274
3042
2521
6177
3272
80
3124
2478
6258
8726
10193
4843
1072
785
8171
8450
9333
5379
9719
2783
9528
2446
5664
10495
6603
3819
2181
7325
1243
4148
483
2874
9042
6308
6919
2014
8300
6400
4418
1949
9535
2674
8654
7037
9217
10443
6150
9971
9166
2540
9258
5020
7507
8203
7157
6864
409
5141
748
3839
8434
4845
5207
7387
767
7460
7683
9560
8776
1717
5757
8165
1226
211
4045
9929
2824
4908
443
1459
10169
1641
2714
1053
9150
2165
6031
1315
4263
3085
9704
2028
4610
3863
674
673
4241
5872
10286
7744
2224
10463
8989
2263
8809
7417
8316
1615
9881
4906
2624
5148
10254
4983
4988
2440
1405
7437
7687
1011
9508
2548
5705
9661
1018
111
8243
8566
7477
2153
10012
9184
3051
8827
863
4609
10234
9561
3794
571
9830
1002
4044
7368
5746
3732
646
2729
5967
3054
7412
6909
8339
3870
315
6291
3370
3162
5797
907
5864
8137
3165
6405
2210
3353
3107
9149
7494
6267
10031
5565
3188
9448
7727
8879
1750
6739
10282
3522
6702
1066
1329
559
3643
40
5841
7120
5187
9313
440
4597
6263
9408
3575
6764
8527
5689
9395
8018
3678
9123
7356
9124
7005
10449
5865
6342
9724
4231
6437
5286
10045
321
2841
8188
8161
5799
4371
10403
1733
7748
6882
4455
10131
3377
8712
6189
7852
8255
6251
2129
3305
109
9362
8422
9202
3728
8314
10207
3381
6352
7527
6202
5986
5670
5525
10090
4166
9319
58
1698
8103
110
10026
1935
422
6356
8351
5644
2793
10302
1299
10368
8404
289
7045
6643
2529
6713
2434
7042
82
8767
29
3768
1161
4313
2226
8895
10271
8484
826
3496
6431
6649
3017
137
2979
8964
4660
1391
183
466
7113
3800
3100
4528
1672
472
1352
2294
5355
8737
988
5459
2330
4310
1133
615
9187
2928
2905
3328
2652
8970
10106
3435
8145
5984
1332
3874
6312
2291
3302
6847
3465
7337
7091
6226
10315
8405
7537
2671
668
8850
575
519
6717
7849
5522
8437
8838
7680
6508
10125
4593
5858
5653
9901
6138
4345
538
3621
6678
1861
2332
2392
7922
5538
4956
10088
7868
9480
3748
5646
4290
2293
6564
1812
6718
8878
4431
10145
5802
6023
6093
9750
4320
5484
5722
2467
2918
36
1758
2886
6999
5213
900
1724
4006
9575
10246
8463
4213
5199
7641
9625
1102
9878
4070
801
4387
1667
3144
7523
5706
2259
5663
9023
10241
9802
6014
4793
5413
10330
5267
4715
6218
4644
7318
1657
270
6494
2198
6545
1202
7470
7359
9693
10020
43
7801
5763
2670
949
3976
1264
769
1851
10146
4573
8969
3027
7815
2870
8749
2759
75
524
9129
10321
4559
5076
2345
2632
154
7675
8130
1734
3585
7976
7326
2067
10035
9774
1535
5480
9231
6412
7777
2448
5684
849
8889
2840
333
6826
457
943
2149
6551
7532
271
5447
9148
8931
6013
4971
5870
4436
7865
4998
9657
7505
1305
3360
9378
8321
2131
2145
8367
1229
6331
1014
4976
6069
4413
2057
3154
9254
9639
8258
8657
6012
9431
8961
2815
1501
3901
9612
3891
3764
2249
2367
7385
3928
6462
10238
1345
4914
7676
4477
9041
687
694
3676
4293
2395
4571
8783
9424
1198
6936
6435
5274
6582
4824
8080
5903
9841
3320
7562
5932
9809
7439
4758
6
3503
3242
10264
450
9284
3780
2068
7989
7234
5388
5908
5550
6823
1406
4945
2547
1613
7997
10363
384
1929
6467
1206
3598
4527
8984
8745
7534
9364
941
4440
8881
6798
2486
6050
3627
5499
4804
6839
3001
8129
5334
4850
5958
3954
120
10569
7592
4183
9537
3631
4935
4836
506
468
4273
3297
8127
4707
10052
10288
9440
38
8495
7395
4848
6205
4825
4308
6491
193
5549
1936
417
103
8428
8873
5598
9073
1432
3261
6421
6282
1529
1565
6954
9844
9301
2400
4405
7822
2544
9049
783
2489
4429
8775
10256
8128
7279
818
8445
5789
7492
1785
9513
359
7845
3743
2363
6934
1670
1649
9757
7010
5056
656
9995
5040
3904
8132
9569
2
9363
8706
4567
10341
2358
10152
4877
5206
879
8219
9181
7768
3456
6470
4168
94
4627
6153
9075
2480
7878
9538
10004
8486
3288
6516
2132
3043
10058
1123
2241
10097
12
10372
9642
3166
5184
2704
1606
1586
3433
6949
5235
2535
5376
5275
6598
9013
2522
3407
5205
8414
2661
2207
4579
6370
8596
3670
3239
4145
2116
3886
2875
4930
7568
3039
8162
986
1840
9605
9539
4761
7274
5380
3398
10215
7784
6106
1614
4448
9008
3909
6230
4925
6440
6254
2517
8108
8019
2311
7693
9482
5262
6827
6972
7082
10507
6536
1216
3890
3502
2829
1492
1482
4853
8633
5708
1409
7327
10251
9476
10408
3892
1081
7723
8559
1530
6755
5902
2780
5618
1516
6693
3116
420
5729
10485
10082
6902
9786
4749
1460
1488
8236
9104
3620
1245
7386
2298
78
4776
5243
2005
4565
8987
6103
7319
7297
3356
3614
8198
881
3947
3985
1470
2980
8246
4869
3082
10201
2052
971
6108
7972
9198
5030
32
2462
3429
3855
562
2318
9829
7559
4433
9870
79
1536
8916
2963
7771
8418
1005
2882
8913
3289
8375
9771
10126
1836
3939
6895
5082
3366
9936
950
1104
6703
2219
3192
8211
653
6813
2972
2407
428
4583
6932
5718
1031
4909
1466
4374
4491
4360
2322
7850
1218
3574
4926
9897
2365
9832
5373
4257
7700
7804
3656
8424
49
3196
2655
10301
3889
5039
4648
3246
10553
2770
2857
10057
6476
9484
8541
10350
3129
947
4069
6256
9191
1668
2816
3317
4358
2520
5049
1609
6084
10324
8163
7288
3189
1679
2769
1554
7085
4868
4284
4245
2999
4615
7445
8819
9873
4255
7916
7119
3384
9446
2436
7787
8441
330
277
8057
4984
8835
3843
2570
3329
4773
3883
3958
9885
4435
7578
9458
1145
4041
10095
5760
7361
8739
2281
1983
8625
5329
957
3655
3071
2951
3914
7458
2390
7856
3277
6863
3524
1093
9945
4425
2301
9646
799
3000
8944
5981
3790
3833
9372
1826
989
1894
3760
8394
4496
4849
9096
10014
6686
8696
5704
10575
7334
265
3927
9055
6925
8060
8350
275
1040
2679
8858
8399
7516
3401
9211
491
1181
279
7500
1097
9714
2438
2613
4244
9436
4025
208
4267
2701
3626
4154
8995
3566
174
1440
2995
2967
4108
577
3818
894
8649
4902
1234
4115
10305
4659
7444
6715
9224
1256
10159
8949
8575
1708
3998
1481
8522
9047
2524
7100
2502
2342
7603
3235
6914
6613
3150
2686
508
3803
505
959
8716
4090
8954
6903
531
10144
4532
3592
2798
6842
5603
1306
2914
3063
1605
3844
7803
373
3593
3293
10093
5845
8281
913
3348
4474
471
8369
4330
6184
4466
9862
3955
7963
9729
9237
4199
4841
3442
9821
2482
4218
1334
5276
2102
9798
5154
2764
2403
7783
9603
280
4992
5359
2893
4820
7135
2287
5155
3943
5530
5707
3295
3652
2061
1600
9532
7402
7192
8671
7172
7736
7472
5211
10389
8106
6017
4498
2144
7421
8614
415
8043
8703
5290
6844
585
5018
3337
584
1593
719
1597
899
3369
6988
6802
6271
2923
9956
724
2161
1213
4878
9783
5674
9416
1464
735
983
393
6873
3970
118
5044
6311
1124
5771
8724
1892
8512
7032
8685
8209
9966
9012
6369
7165
6578
4736
5001
5421
2474
5857
5661
8397
3583
6507
8008
5611
5877
4997
2646
3450
4658
7051
5578
7730
9315
9594
7944
1168
178
3383
6549
33
10483
2343
3351
1768
5116
5582
1321
5532
8910
4851
8187
5370
5995
3149
1335
1326
6729
2299
6662
9368
6488
3702
6721
5974
6933
1196
3316
5473
6575
925
5607
354
4340
7892
3421
1041
7828
6193
755
10208
4764
3219
3612
2264
7094
8024
5470
5156
1495
8665
3075
7007
1823
10338
7152
7018
7869
3950
3885
5352
424
8645
3619
259
1702
1091
9640
1920
3525
5126
8151
6076
3564
4791
10000
7553
2867
8178
877
7209
9336
227
5439
8245
2262
5574
3106
6594
5107
2642
691
451
8924
5856
2155
9546
7059
7080
217
979
4460
3271
4251
5475
4226
6088
669
4391
1877
8089
2518
4488
8370
4193
5250
1760
9054
5643
3240
6512
10454
9790
6224
276
7289
7805
7739
9128
10563
9488
10530
6486
6774
8282
7206
800
8207
2776
3185
1549
5131
2078
5284
1147
7340
10574
8284
222
10243
9061
6211
3789
3097
6795
9856
7237
8488
2410
8680
1121
1862
2186
652
7720
6856
6154
9726
10337
6938
2366
4163
6098
4269
2592
5577
2571
9958
578
9176
2050
500
4366
5451
1693
9993
8131
2270
8403
6673
5975
2266
4847
2935
9876
2013
7570
2461
5963
3966
8266
10048
7164
3467
2847
8096
5142
407
4351
1902
9976
5005
10546
8408
10043
8451
5328
775
10123
9601
1348
4799
4943
2899
1842
10227
5953
2580
