6058
3915
5252
5684
743
3183
3125
2961
968
1531
6285
4380
790
4193
529
2679
2619
1225
1224
1636
6192
5114
2929
5150
1201
850
5797
4586
4758
4802
4293
4733
597
3144
3325
2519
6027
4531
945
5198
4748
499
6068
5122
3063
4288
4559
3290
5333
3905
3820
1277
3136
3799
2300
4244
2848
4708
4062
1061
1471
4347
2729
2203
2713
197
1376
2258
2815
5591
1912
4211
1339
2488
1758
1895
5677
2878
6242
4389
2116
193
53
683
2186
559
4391
4482
5643
548
5522
1602
5589
5968
2972
2071
1612
2023
983
4277
5769
4786
2541
1314
1127
3165
240
4954
5673
3299
6085
3810
4060
29
4304
2903
5101
6039
1598
1414
1272
4093
2239
620
4760
957
999
3181
5784
5424
598
2419
5795
3163
1316
4365
4048
1885
2492
363
2800
5639
4374
5527
3251
4076
5402
248
1102
6280
3919
4981
3135
4689
5871
3532
5113
2382
2357
3014
5058
4289
1357
800
985
4668
1301
5132
1900
5798
6127
913
3767
5875
5337
3800
3577
4604
4944
966
3528
6144
4462
1354
3771
1876
2244
874
2819
4561
3184
2424
2553
2056
5098
4230
4879
4986
3728
3186
2525
975
5450
2240
466
90
3660
1629
4732
1019
2238
3138
879
3631
4439
325
2625
3279
5222
3876
3586
5505
2871
2474
3170
2281
3611
3030
4463
419
4419
5174
3433
6154
904
3923
3132
723
6203
3422
4209
2005
6055
5428
6163
5718
2485
731
1454
4367
3134
262
2786
1482
3052
4759
5353
6294
3628
6366
2805
6336
2466
1056
3680
4299
1218
1023
1687
5064
4881
3693
5002
1617
4709
3062
5508
454
226
5217
5209
2026
307
3103
5094
4691
3647
2307
5656
1676
3730
2493
1735
3783
5518
3841
3100
204
2024
1012
578
3314
4974
3952
4669
5175
2275
5296
4105
317
4372
2914
3297
2022
1689
3521
3090
1563
5240
2674
490
3679
948
2260
4907
2615
5809
4078
2373
2958
914
3175
6275
6393
6049
3716
358
1775
5278
1864
2863
4146
917
5641
1325
2018
5854
5235
3770
6272
4666
2528
5332
4925
5865
2913
3215
5934
5401
4715
1828
2308
6140
1361
1573
4990
4331
3421
2055
3795
4216
4118
4056
5259
666
2314
3379
2638
2632
1124
1199
5065
3715
812
4000
1106
991
3073
1451
5565
138
993
4527
675
5574
5184
4558
4170
4443
1497
1764
892
6333
356
4373
5924
1507
4183
792
450
1248
391
1570
4061
1099
4777
601
2886
5079
2140
5074
4169
70
1237
3427
5774
1159
841
6145
6060
1271
2480
2321
4747
1001
2755
3844
2618
5025
4043
742
5675
2523
186
1110
5870
2329
1906
5014
1578
3578
1888
2631
3473
1589
4110
1924
3744
5301
1729
2065
1364
818
6343
5207
4682
3192
6069
2041
5067
869
4184
5212
2103
304
5362
2998
94
4278
2399
6130
5398
5194
4415
1843
4853
4878
3892
2426
3358
836
6391
1437
4622
965
692
5713
542
6355
2905
1644
1212
5618
5750
6287
592
4453
3464
5506
196
5418
6260
5271
1590
3148
6137
469
1594
1363
3545
2145
1387
3585
1982
5380
4935
2974
1101
2869
1691
2366
6255
2438
826
3731
1632
378
5041
3217
1593
2884
479
2580
6044
961
4505
3104
1360
1427
3584
4830
1686
6103
5911
2068
4496
5225
1506
5037
3000
3520
2400
3087
6369
4333
1793
2131
3079
3563
4387
5812
5892
2979
2917
4246
2569
3976
4296
4269
1844
6375
5393
5523
3455
3909
2343
2859
4601
492
273
38
1380
1129
2161
1456
673
1994
5465
1256
4481
4011
277
5604
5948
6230
3638
4945
634
506
152
6213
6324
5697
515
802
6327
3449
2160
1905
5832
44
2282
2820
377
2080
2402
4545
6102
5920
1560
3676
4259
2365
4592
5623
3591
4502
2915
3556
1153
1515
3780
6171
4448
1654
400
6191
1954
1614
5135
885
1049
4574
3864
612
47
3559
4295
3785
6022
5241
652
5227
4057
4458
6028
1862
380
4846
1903
2482
2608
5617
1296
5980
6365
6125
5373
4104
4677
4822
4809
5321
5238
2744
2425
1203
1226
5789
1227
1978
1367
4917
4128
3304
2649
990
2508
4885
3246
5994
814
4632
4044
3505
5651
3049
1429
4455
633
1580
2201
1610
2105
2459
4247
27
140
4644
5159
5765
1778
1123
2422
403
672
2113
3656
3706
276
6200
5735
6297
5363
5056
5192
6307
5407
5140
2857
1151
3051
2624
6399
5621
3735
1988
503
2522
2705
6359
611
4377
1315
4906
2212
395
4325
2921
3174
4158
2101
5142
3112
3022
1536
5907
3934
2287
3859
5213
5145
1233
3398
5185
524
3288
765
2950
3307
174
619
3623
1967
1146
4487
1350
452
291
4952
6116
2038
923
3429
2353
2092
210
3436
1809
4271
3247
2596
6330
4046
2029
4340
5704
1107
4916
1461
6402
6207
5382
5856
4831
2993
2187
4642
831
5444
5246
5121
364
2064
565
1782
5338
207
562
1962
6248
1399
6318
4311
1808
3392
1208
73
4382
971
2304
263
1652
4045
3657
3717
3003
3595
4811
4762
5698
5811
5884
1546
2053
3152
3222
862
1007
5993
5607
233
4
1457
5786
2087
4608
3554
6167
2289
2409
744
2639
2154
1774
1421
2033
1516
3047
5927
2162
3546
4148
396
2555
6231
2094
6072
373
3205
2181
4157
3833
1288
4647
5785
4755
6352
3803
3912
5767
2292
4002
462
5369
2594
4597
1673
5562
1202
661
5969
2194
2167
1989
1754
4343
5206
1173
1731
2341
4280
1472
28
2942
1991
1378
6218
4629
4982
6070
5867
3179
4135
4882
1976
2222
1397
157
3354
3742
3966
4705
3065
4676
5262
1831
2540
1695
141
131
4969
2711
2603
2968
5526
3883
5388
2440
468
5152
1384
4119
2833
1753
1385
6176
6256
1502
4542
4552
1245
3960
1244
2276
1841
5944
4770
4414
4611
1789
3769
6331
5762
5304
438
2336
1762
3248
4179
1094
251
2057
301
5384
119
5602
2398
4222
282
2413
4014
4396
5548
4263
934
4563
1067
1031
656
4674
3092
6301
2830
830
281
1824
3316
286
953
6158
5662
3054
2646
5824
6002
4350
5930
1800
1630
1470
285
5324
2381
5004
4215
4319
5475
1008
4714
1975
839
4398
1117
2207
5012
3666
1611
1690
3718
5273
2660
4928
3364
3285
3263
5351
5068
3476
4562
254
2779
5157
4685
4416
825
2051
2259
4555
333
5922
1307
5406
4688
3225
5190
4580
2448
1964
5781
1626
2975
4782
6104
5392
2498
4491
1882
4270
4077
4498
1852
4445
5728
3739
5903
6241
1135
4867
2574
5469
1052
1889
5995
4102
2226
2881
2732
3658
2907
1597
437
2367
4028
1896
6254
1763
5723
1109
3691
4015
2421
521
5708
1587
5467
3403
1915
3548
2887
1331
894
4594
5387
4328
1317
5880
5028
2168
1254
4313
2593
4497
4142
1083
689
4324
2395
4320
1140
805
5478
4499
2659
2771
6261
677
4971
5716
1639
1698
2371
2829
2407
726
640
846
1805
5193
4031
5279
5146
6012
5345
4536
3077
4530
3037
5171
6273
2587
5112
2967
4279
2359
6091
1048
2558
93
5779
1025
1458
1120
1631
3223
5129
5306
1432
4261
25
3432
2108
4521
2257
2918
1848
1815
2470
3661
5844
3294
3440
5425
5664
5429
6159
3369
2450
4638
5489
686
1588
3701
5045
5102
2156
1251
4568
189
224
3682
3033
23
2661
2751
3044
2575
3005
1550
5520
1223
1519
4107
3345
6000
5754
4590
1830
3357
5850
6380
2534
2620
3845
4041
803
5525
2489
856
319
6245
4220
941
4719
2147
5594
2265
1344
4188
6074
5491
4185
6240
927
4983
3804
5702
1777
738
740
4973
5034
1564
3460
477
110
5979
986
4972
2452
1168
1076
3201
5826
3507
2563
4096
762
2249
2811
4743
4224
3344
1838
3752
6348
1401
6320
1132
427
5281
1351
5072
2784
3738
3954
6370
1979
5172
5372
4843
2873
2919
6017
3262
3933
1856
20
2852
124
6098
2231
5268
2955
4053
1899
2916
4355
582
2898
3688
6246
2810
5097
4444
1232
5706
26
156
2410
3233
5161
4298
2494
2867
4034
6299
2248
2394
2451
1115
5305
2747
1693
6351
2172
6038
3188
2982
3319
5896
448
2295
3169
3072
1265
3607
3653
2617
390
593
4174
3808
5300
2675
1501
1160
4903
2568
4550
3805
406
5126
1423
882
1058
1532
697
3413
465
4297
3809
4327
1053
531
1260
2843
5690
1840
1133
1920
1259
4800
389
3329
3837
5564
5509
180
5738
1569
4577
3110
3508
6180
5747
1940
5394
170
1568
4798
1931
5312
4466
1943
2823
2962
3028
5457
1833
558
3038
5137
910
4353
4625
3655
3756
6175
5917
6388
1273
4771
321
623
1228
3953
2611
690
3956
2006
4690
2306
4767
5734
3811
5600
5460
577
1738
4840
1518
3737
3444
1606
3483
3593
2602
2059
801
1455
6164
3674
1796
2788
2099
2374
5679
725
1952
6361
3702
1927
581
4074
3244
4022
2453
4648
6151
6208
2322
5071
6052
6344
575
4692
4896
1823
4687
5040
786
5452
1188
5091
3416
1046
1434
4291
3669
808
2449
4197
5780
6195
5274
646
5211
2760
3489
1696
6216
3791
2621
3139
1810
4065
2841
5030
3231
5648
6389
4534
4281
3253
608
5791
3503
4829
2337
2690
1787
1137
3524
1575
3821
4679
1193
1383
2692
270
4403
2191
5511
388
5519
3922
18
1198
1756
779
1990
3705
6271
587
5303
143
4818
453
5088
4980
1665
1524
4082
4493
4035
5179
2677
6228
3943
297
5839
982
2806
350
4393
1874
4533
409
3101
1247
5524
5833
880
107
4832
6007
1941
6259
3973
6057
931
4630
1275
2031
4572
4468
1480
5990
2091
4039
5864
1534
1961
6073
3664
6225
3042
4484
1732
6090
137
1089
5048
6062
153
3467
3224
1539
4166
567
5089
4198
4826
3360
1463
5744
964
5066
4949
5005
5454
4779
3965
1377
2688
5581
5133
3414
1585
3851
5985
1131
3635
4955
1716
192
2605
1837
2547
1646
1462
4069
3853
379
3384
5055
5125
298
5655
1771
1382
804
829
4529
5334
865
3348
2970
328
139
5330
897
1496
2906
3259
334
1521
2152
3167
695
6099
4886
187
5208
2193
2061
3053
3797
443
6136
2044
6381
420
6282
662
4698
2636
4228
3733
1907
4001
2782
5626
2785
2082
5483
6016
5199
3949
5302
3336
5307
644
3565
665
3415
5087
3872
2386
4728
5459
5794
75
2030
1020
4965
5905
2757
682
3094
3363
1280
3646
2043
4807
375
2849
5898
2118
4140
1152
5847
72
4051
1419
2959
2215
3266
3226
4232
3057
4845
813
5756
4405
4920
6189
383
2510
6357
1475
1302
5408
1243
5986
6372
4450
703
2585
1406
807
4234
5777
6179
1558
3085
4959
2002
987
1822
6026
60
3873
3405
4161
4123
2818
1142
1637
6400
2009
978
1680
5721
1959
1702
1166
5449
5700
306
1514
6110
3942
5360
5886
4706
1018
4839
2320
2278
5691
6356
4068
4838
5210
4752
3897
1759
4177
4040
3995
5571
1257
2524
2127
889
1219
6292
694
4871
2039
1044
2931
4585
2943
1624
1494
4801
5912
2750
3630
5644
2726
2861
3768
2583
2717
5128
64
2074
4308
408
2387
4576
5561
4656
5929
5218
5552
1527
2812
6376
676
2354
816
5872
1017
4098
1298
4085
1024
1548
852
4013
2872
253
4772
1297
2420
4737
4653
4007
3906
6247
5336
5553
1670
755
4511
4485
4781
3178
6335
3021
4740
1322
5285
5313
3829
5669
106
3509
3857
1869
5649
2149
1679
3119
1091
4610
3302
1235
730
5931
5396
1945
3221
2233
819
1062
2086
4862
5177
1972
4619
4876
6
2947
147
1765
3529
3271
2827
5367
69
3462
4673
5104
501
1776
5081
2017
3867
3986
4847
2013
5530
4893
3835
5556
6204
509
1097
6041
1175
6290
522
4191
1336
886
1436
3368
2600
2890
3293
4681
4858
3928
3898
3994
4774
4164
4854
4262
1734
3616
1942
1508
3172
5059
2458
1389
4020
4543
735
1116
5399
5970
5991
757
5817
1347
4975
4330
1980
2613
3490
3732
167
6221
794
108
1263
4581
5873
5186
3992
5629
3786
303
2864
6036
939
310
1128
4359
715
5668
5688
426
1039
3331
2925
3454
160
4084
798
2079
4066
2832
3729
6283
2454
1985
4989
1021
1030
2533
229
1746
1623
4159
3937
4573
4054
3365
3931
3267
3746
584
4764
1045
664
2004
998
4114
1948
2120
3145
2084
4290
952
1492
1369
6303
2224
5842
4560
3412
2327
6302
1105
4588
5646
1752
4547
5707
3562
1576
4810
1999
2391
1448
1178
2175
1549
2920
5976
1811
1603
6219
4401
5983
35
2606
3352
5495
260
784
5647
1662
1596
2478
5921
3981
1813
482
4546
150
1343
2491
4686
1703
2020
2536
6023
580
4203
1678
4750
3166
2159
5391
1428
6223
5599
24
4242
5743
5923
3510
3719
3818
1784
2807
2564
2551
1891
1312
1402
653
1211
5200
2727
4086
2980
758
4987
867
3080
2710
3614
4827
3592
2566
144
3160
213
6312
5635
4939
4332
4645
52
2627
5204
2368
942
1750
4016
1404
1184
1032
1104
5899
4059
3296
4620
5890
768
4456
3093
1420
5963
2483
1608
5286
3747
4605
4254
1305
5573
5539
866
2521
6368
2430
4073
4235
5567
2081
1791
1013
5964
4615
4187
1181
3748
3975
2206
220
4233
4793
5576
2546
3948
1877
1957
5299
115
750
5010
10
6382
3157
3034
5885
6105
2767
574
5202
1445
91
4163
1966
4717
4283
1997
2250
4593
3001
3594
1520
4275
2385
3228
1741
5073
3004
4663
5570
1902
45
4356
1781
4554
2505
6149
6079
5023
3999
63
1717
5714
3143
541
2279
6095
5006
4926
2527
3697
1503
215
928
1488
6315
327
547
6040
3677
1901
1672
724
793
237
1195
3243
6220
1388
508
3111
5560
476
5001
4712
3070
6169
2328
2512
2122
5316
2345
461
5344
936
1871
6124
5703
2963
3351
82
5326
335
6112
2153
4844
970
41
162
5650
4454
960
3099
1442
1192
860
1453
4870
4200
916
1355
5375
2850
5701
5782
4596
1857
3787
678
5352
1098
2027
3306
2125
5900
2340
5957
4617
669
5821
3159
4966
5096
884
3027
5543
3917
3308
132
4386
2652
2155
2742
4106
4137
1996
5143
1143
3704
5636
117
6092
1505
6113
5910
4500
4979
745
5011
3466
4341
5320
2325
5579
2984
2431
5021
3862
4253
5982
4023
2723
1661
166
1323
3431
5840
3501
6096
2267
345
487
2303
5356
2648
5169
441
2990
3907
1926
5683
4451
5849
4787
352
4683
1476
1335
976
1282
843
1295
573
2754
3082
241
194
6064
1066
1579
940
5830
1804
434
636
418
858
2311
5638
3879
5775
4641
3218
58
6392
2650
5532
628
4514
3903
100
3725
376
2730
5371
5123
979
3060
5687
5493
387
4518
5987
103
460
1970
1262
3825
4315
6244
2433
3891
2403
4626
516
2151
2665
2362
2573
4678
3564
5400
2780
1483
4274
3790
6305
4612
3498
751
4238
125
6075
1522
1911
2393
78
1846
1692
3558
1863
1122
2095
4024
3330
2860
225
3456
3173
4489
4480
4447
5862
3376
3842
4765
1145
86
5835
3640
4958
832
1162
5134
3673
3035
1826
1238
3571
2468
2208
2814
2476
3102
6111
6177
68
1310
326
1241
6067
14
3286
3140
234
586
3534
5308
5295
3091
630
5245
191
6345
1407
127
3557
5443
2280
4021
1352
5054
1651
6066
2251
349
8
2614
4868
3137
4661
3608
3118
4584
2835
5517
3387
2549
2335
3050
2050
6270
3008
6045
340
5628
1362
5634
510
4149
2372
5327
1647
5358
2211
5831
6152
1004
104
2130
5755
5359
4696
5144
980
1701
1450
4788
847
6108
1112
5611
947
1554
2657
1493
2270
1921
1500
3198
16
4931
2475
5426
247
5254
6197
2124
5726
5347
3355
2416
1338
2514
1270
1766
5049
3566
4799
1379
3932
4165
440
5843
1176
599
1186
1126
3886
4911
5593
2683
2952
331
2681
361
739
868
6325
1509
3015
5904
2298
827
2685
4284
3902
168
3461
3581
2537
6123
733
5197
4260
1743
3813
341
5339
2774
2616
3745
4474
1167
4578
54
857
6401
5773
1798
5877
1156
1544
1491
3058
6394
246
3220
5943
2361
2104
6276
6201
2132
6160
2673
1730
1465
585
905
1366
2562
764
155
3154
4517
1604
2469
385
1936
5731
605
5614
3847
1786
6004
2532
4790
6019
401
2073
3064
5455
2545
190
6186
4731
3831
430
3114
6081
815
6198
3972
2486
133
368
3793
525
2599
2014
6363
5577
2490
2937
4457
5730
1821
5727
6298
2364
6015
4766
3040
1330
1398
4553
5742
4703
4425
2908
1545
1950
3377
4680
5447
1635
4776
1547
480
4250
2462
6279
1928
32
719
3602
5902
5834
3599
421
511
3486
1345
2581
1216
534
3367
2411
2938
6212
527
600
1708
3031
3936
2338
2331
5541
5557
6233
1236
2570
4587
5110
881
5189
6025
2000
6397
3295
2264
2637
3983
4032
2500
530
3583
3634
3305
3727
1155
1328
6266
4695
4300
3374
3788
1147
756
4856
3168
3600
1633
4804
4565
1854
4464
4472
1916
1286
1745
6107
4369
3474
5761
5484
4423
5918
2176
3268
5515
4924
3989
5187
1443
3006
2471
5298
4338
2481
5487
4055
820
4385
4352
2210
2441
1801
1205
5974
3388
1074
2170
5841
88
2764
3236
5158
4768
771
2200
4285
1683
1618
2408
5820
3356
5546
1221
2838
3823
12
4033
2377
2778
1191
1615
3996
5642
1425
2795
3278
890
6184
5682
2294
6178
5575
3026
4467
6114
4091
2944
3815
3904
284
2762
5027
6226
4231
2586
3324
533
5077
2756
1669
40
3627
4850
1138
5578
3901
5117
1113
3394
3863
2220
1010
590
4716
4734
2100
3332
3761
3819
1416
5453
4424
6118
1757
1467
4541
1466
3604
5939
2635
3589
3900
1329
924
5528
2049
329
3010
3694
3840
4087
2669
5545
5236
5488
5790
239
3754
3939
4567
3150
6347
2428
4394
3672
2223
1157
2301
3684
780
2981
3874
5739
2623
435
1721
4548
3239
4192
6295
164
691
2927
5861
2133
2503
2110
933
4126
6265
6005
5395
2042
1060
3878
5468
6278
2003
416
2678
5793
2571
5513
5741
3208
5533
1294
5486
1937
5472
855
1108
2504
5558
4603
3443
6304
4519
2323
3311
543
2414
5477
2761
3974
3987
5654
4756
5131
5170
3866
5660
696
5876
3487
3567
5672
2072
1072
844
4486
3043
3434
3018
753
3161
4323
1556
6349
1337
3573
5992
1077
668
3153
6238
6188
5103
308
5534
394
163
772
3887
1321
2025
5255
5935
864
1041
1953
3012
4071
5586
61
5801
5315
5381
3884
1707
1643
2435
496
3407
2242
2686
1973
1290
3491
3372
354
2479
1873
6047
5397
2085
1299
1535
2651
4434
313
4006
2895
5357
5413
3542
3190
3216
3816
2910
5448
1439
2396
49
5086
4566
5537
3156
2305
3442
3463
5431
4522
3274
1340
655
5109
371
5632
1981
2865
2370
1897
1645
5958
2464
15
1303
2266
46
3189
3921
4664
5805
1177
1353
6011
3202
5082
2036
3830
4866
1551
5580
1755
3636
2804
6101
2704
3980
1565
4130
2380
6251
1880
3962
3457
3340
1984
2700
1783
2180
3753
4378
579
5510
6134
429
3425
747
1751
4154
3689
4836
4852
5181
1853
4778
2217
2672
3061
2794
173
5946
583
4255
1085
3497
33
1320
977
5620
2297
268
4806
728
1879
5799
6332
1667
2128
362
614
1264
604
2389
5496
3448
296
149
3195
6317
2285
2334
5559
1851
2137
2695
1526
4791
3997
3098
274
1674
2803
2607
4693
5686
3736
1121
3848
5437
1242
5118
3450
919
3860
6031
4963
4634
3587
6383
1511
2770
5078
877
5766
258
2809
1845
4797
2882
4609
2192
98
2507
2196
3690
1464
3459
1870
5771
591
3366
997
6173
4049
4960
1040
4970
4773
5173
4951
4650
2434
201
4957
1919
1016
3807
3875
6384
1037
1090
2783
3855
925
5893
1609
6243
5247
4317
4591
5423
6054
907
1850
3402
2070
5480
4600
2698
3496
216
4654
1358
1816
5403
2442
4655
5
4133
299
2286
1892
1934
4902
2791
4841
1829
3409
5988
188
4181
6030
126
1207
5800
158
1289
2199
4282
5681
3539
5319
3504
663
2994
4009
1655
4803
2496
4857
6185
3019
2117
3760
1512
3281
1073
963
5497
1111
4978
526
488
3944
2098
4208
1785
883
5888
4651
989
4976
5100
2923
1149
4173
849
4392
727
266
3230
3113
1723
2939
3603
2641
4426
875
3794
4912
1484
5234
741
2436
1415
4537
5481
2995
1187
5813
5945
5914
4301
236
3301
402
4212
708
2880
6236
3465
2089
2352
4621
1183
1600
3574
4914
3041
2876
4207
96
2999
4461
4909
3641
3619
4815
2946
5652
720
4872
4063
4027
4153
42
5616
2412
908
4344
1293
5746
5291
4824
3926
2567
3633
1847
55
5897
5608
3292
1832
5818
3560
339
2912
6061
4784
5294
2529
442
5016
2745
3206
974
2845
1161
3929
1965
2715
4789
3007
2985
1433
4507
1213
895
2960
3938
4428
1002
4125
1171
6161
3068
1000
4092
1119
2559
3814
4267
5280
3485
4618
3277
5052
4549
6048
5667
6009
3749
4132
351
6115
2828
484
3880
1047
5092
4745
6089
4598
5891
2953
5848
4441
92
3339
3686
1474
4508
3826
4240
129
255
1842
2318
456
6037
4864
6358
3270
2310
5645
3695
2854
3908
785
4429
2689
1499
3081
3667
1490
2417
3401
5289
232
1234
1292
4379
2787
5155
320
1582
4064
4504
5501
259
6250
3721
3395
1413
4895
556
1220
4684
3397
1087
2502
3478
713
3129
2019
2141
332
6170
5913
1571
505
3406
114
3792
5858
3393
3687
5361
6319
4436
3610
3419
372
5855
5050
3492
4930
6141
1028
2790
2748
4427
4375
2062
5719
6364
2731
4070
6386
4399
2109
3370
1036
618
4595
3426
2543
4418
995
5290
4287
5622
2629
2234
631
3176
2218
151
6029
5932
399
2941
3453
6146
2597
6346
5230
3772
1960
4186
6308
6229
13
5996
2241
6286
5008
2188
3298
4090
4019
1653
5729
5984
5853
2376
1319
6211
596
3662
4361
3273
111
2840
489
4741
5971
6360
2356
2598
3964
2578
3991
135
4151
3424
5807
4042
3531
544
5956
1485
120
6328
4660
4984
5328
1486
3275
4178
159
4908
99
888
338
1164
560
1682
2209
1139
1375
2384
3781
1365
4402
2992
1986
3269
1537
2983
5882
238
5250
179
6133
2935
1014
3645
1930
3257
323
811
4540
3659
2609
1287
4967
629
1071
2719
2743
2375
4354
2846
5019
3955
3806
2965
4116
1324
5183
6310
3849
1165
1929
5438
4080
5823
3088
2721
2883
1634
3378
4306
3959
3317
3852
711
2075
367
4923
3362
701
4083
3802
1261
3663
3381
915
3612
4360
3089
5263
3527
423
165
3024
588
3318
6338
4390
1100
2664
5390
5874
6119
4964
650
1054
1469
470
414
6306
5151
1542
272
3500
5536
2973
2759
4775
227
502
5466
5492
3023
4701
5370
3918
2293
5879
4029
221
734
5436
6109
4730
4257
5000
2694
6263
568
5665
289
2866
2836
5663
4473
2230
791
1239
3609
4823
2291
3668
293
1998
1430
777
5863
1240
265
698
4938
3916
3764
4735
5160
6385
3209
5569
3203
3341
36
5462
4833
935
594
3700
5915
424
2552
2862
835
4736
431
498
5020
5514
3518
5115
2378
4851
5973
6193
4569
5806
3624
5549
2725
6194
3699
2277
2526
3078
3280
422
2439
517
898
412
5432
1459
1581
760
555
145
4571
148
1411
4276
2472
606
5705
5057
6050
1736
4863
5555
1042
5587
1253
1742
4201
716
185
6316
3920
5075
195
532
1814
5977
6289
5822
6378
5816
4030
3048
2046
6234
3824
2696
5314
2934
5940
4575
5310
6003
1792
4901
718
2342
3511
4950
76
1477
2237
828
6337
3671
2601
4121
337
5445
3232
3789
4820
4825
684
4936
1969
3710
1711
2837
3212
6239
1719
3561
4675
1093
766
3396
4937
4167
1825
5695
3843
4646
1725
2735
810
4940
5630
3533
2720
2473
458
3254
6174
821
447
2588
4910
6341
660
3778
1790
2964
4918
3882
5678
3380
3713
2347
3858
776
4366
944
2189
4478
5166
3755
4004
5845
2966
2986
4249
4155
5887
1788
2858
5231
1704
1306
2166
1038
1601
1281
5596
4196
1327
4079
4933
3197
2737
2355
67
2591
1875
2461
3151
1958
198
473
5242
5180
1865
2680
5753
459
4889
552
2610
4432
3238
3326
520
1267
4875
5053
4265
4539
3984
3470
1584
1572
2429
2590
5689
5430
3681
2499
4942
243
2315
1055
4503
205
5473
2164
545
3827
5168
3517
5288
4783
3782
2847
2554
2875
3017
6088
4991
3162
6071
1026
4977
906
1769
3056
4213
4430
770
5149
4465
5699
5237
1812
5949
3219
3494
4152
4435
5658
1860
95
576
5116
3477
4404
1649
3580
5221
2509
2245
5583
6153
5592
223
3133
3940
6042
5085
4515
4397
649
3870
2
3651
4702
613
2146
5018
2349
1326
4509
5471
1935
4869
5107
85
5232
1932
3258
3410
3601
4089
4551
5244
4897
4623
1913
4606
5507
3095
6135
342
3109
5282
208
1381
2126
6313
3969
4763
4849
4205
2718
5265
2255
3846
1230
4417
3523
1412
1209
5318
6056
6155
550
2888
2746
2834
1043
3252
2539
4438
5676
1190
3714
712
102
6147
5419
1641
5162
706
4162
4440
1574
1951
2185
3861
2816
5342
1035
5960
1359
893
2989
5601
6122
1050
2283
4326
4204
3970
410
5504
2667
3998
294
3832
2346
926
2716
2455
5309
763
5090
3469
4523
3927
5461
3881
4672
5792
5182
1728
5659
3335
2891
911
3149
922
5938
6014
3484
3871
2655
5111
2037
1968
6148
1628
1333
5485
463
6129
4710
5955
6373
3968
3765
4336
97
3069
6024
5119
1595
3389
1180
2456
2517
4339
5733
702
5745
444
3555
2572
3541
5035
4753
4120
2309
1803
2360
796
5671
1861
5787
5796
5937
920
853
89
4513
5003
1523
4738
1567
4921
4075
1222
4475
311
2190
2856
1770
3309
6214
2932
3914
5435
5163
4757
5748
3321
6252
4607
4321
5615
1740
2722
4628
3471
2911
4351
4243
4437
5724
5597
788
1332
4795
2892
2205
823
5368
4943
4362
79
1684
136
1760
962
2548
2467
4718
5709
6340
4635
1217
1370
4217
6396
5276
5446
2008
2174
222
2518
4005
972
2954
4307
3499
4721
5810
5374
3547
1553
5768
1718
4855
5916
2798
3117
3227
903
1559
539
2739
1300
4010
5260
1963
384
4700
3428
4358
1517
4828
5032
4488
693
2724
5584
5042
3774
87
5598
4160
1268
2324
1487
3910
1392
5758
5521
1529
3264
6131
5233
5815
4408
1664
5551
1405
3468
834
782
3423
4210
1311
4631
71
122
3289
1955
1449
2214
2926
1400
347
4442
11
2007
1668
1051
1768
6008
2016
2348
3643
3685
5895
863
769
1818
2269
1278
946
2948
1638
2290
5293
5770
3722
3171
4535
1095
4266
4303
859
607
4570
3020
5757
3213
1722
609
5512
6227
6322
704
6021
2654
902
1015
2556
4934
4371
4202
954
3950
5201
404
5340
1956
2157
1130
1200
871
3538
4780
1659
6106
1543
2121
6083
5852
616
621
3128
6053
1426
1452
4395
2511
271
1206
5711
5458
2544
887
1586
4819
4310
5752
3242
4115
2894
1318
280
2855
2582
4252
1424
3629
891
512
3375
2844
4406
1648
5412
6168
4947
3475
3214
1739
3045
2344
647
5838
3313
5605
973
2971
2256
3371
3763
3868
3838
2332
3147
1403
5195
3775
3115
2383
1096
854
5148
1313
3935
455
3447
3180
900
3437
1371
212
2557
5933
5062
1619
491
6093
5978
4446
4659
699
1726
2666
5866
1794
2067
3613
2777
4899
3544
1910
2443
1807
2822
6222
6339
2796
6268
2758
2825
4599
6267
528
5136
5124
2150
4226
3911
6387
2728
2604
1681
872
6020
2889
5414
5696
3417
3276
5906
6379
2626
5031
5710
3359
6217
4526
3946
2232
3310
2647
4627
1231
3032
3086
2969
3766
6323
737
3071
2904
4420
1538
3957
6309
3552
3029
6059
1688
5311
5788
5950
2093
1070
1417
65
5494
4817
670
5451
2516
2776
2699
3924
5825
417
5814
5329
5153
2216
6224
497
721
4865
6314
643
5220
589
4190
5585
1154
1562
5827
3327
4805
4088
5619
3893
2885
5959
2752
951
202
5889
436
4122
3481
5287
3097
873
1640
405
1034
2274
6196
5355
6150
485
4667
22
1797
4720
3648
3632
3550
5188
5417
1059
3626
3570
561
1229
5778
1386
504
659
4794
5051
4141
5138
538
3506
1650
1342
3283
5421
3977
1356
2447
2768
5284
1435
3596
4532
1995
2316
2897
3665
3896
921
5264
705
1393
1908
1925
31
6377
3196
6035
2034
4877
2826
3303
4229
3255
1671
5024
5846
2579
184
142
5720
3865
4999
218
1473
5095
5609
6329
6126
3337
1992
4433
514
2576
2457
4256
4953
2048
5868
3708
5434
1819
2957
2565
1727
495
4225
5178
3625
1605
5269
3796
3349
2831
2169
3408
6354
4342
3261
369
4383
861
3617
5479
5582
2427
4469
5106
1987
1408
6018
4376
1479
4988
5350
3678
219
5883
969
3525
5292
1530
316
3516
540
6082
6183
3131
848
746
1893
1065
4237
4407
500
1348
1555
3606
30
2129
5829
2028
2753
5275
566
641
4172
2839
1078
1974
5802
288
4873
446
3961
2671
4305
4707
3637
617
4528
2988
1081
6253
6033
1710
4273
2415
4932
2577
4470
4785
1011
1252
2662
5692
1773
5378
2868
5410
4860
2987
2271
3282
4101
3385
5881
2183
4097
39
3451
624
5941
6162
1599
4516
1944
4900
1510
4182
154
2319
2142
5239
130
767
2628
4176
2933
4286
4891
5156
3446
5999
5404
3107
2299
3597
6190
5127
1744
5499
4927
6258
2273
1552
1881
2010
992
3272
2088
1737
809
4108
2949
275
5819
6182
3696
943
5154
3890
1478
2263
4194
1431
6132
988
3836
610
6288
4579
1780
5176
797
5803
4017
3895
1396
4036
6077
3958
2924
4139
1086
1504
5343
5685
5383
4195
6334
5474
3988
314
478
123
3130
4887
2173
2821
2670
6187
177
2228
4652
312
4665
2515
5640
4633
2404
2799
3850
2035
5606
5266
4038
2107
5105
5044
2363
4131
3519
667
1103
1918
681
4346
4744
4726
732
2198
3514
2350
4658
822
451
283
1946
5531
5627
1027
3076
1993
411
6157
3036
4316
5954
5322
4713
5139
474
4449
2045
2296
5377
2040
2874
5550
6362
513
472
2012
1118
3707
3343
5130
5258
17
4919
2733
5203
4318
2687
4814
1720
6117
374
1304
5439
359
5331
330
4258
710
1291
4138
700
6181
5325
5022
5740
4640
789
3502
1269
3741
2738
5878
1859
407
4156
2390
2817
4821
2622
21
4994
3046
2930
1884
5277
3025
1939
840
1868
5989
4544
2909
250
3572
2369
4861
1836
1395
2991
2134
5538
3105
287
5625
2697
3333
5026
6353
1713
4492
392
5416
1197
748
3985
4067
3245
483
3963
955
3812
5653
1625
5869
2802
3013
128
1675
5456
2446
5224
5415
5975
3579
4808
6205
3618
344
3353
5725
4538
3480
3575
3439
4842
564
2202
5420
3993
3642
4143
5482
3002
3598
3899
4168
2358
4112
4117
211
1577
295
4218
5759
2144
1922
353
4985
5554
775
4357
6142
781
4888
2951
3522
5928
6100
1005
2693
2063
2268
2766
3199
5837
1709
2997
3779
1607
1620
5009
370
2789
2714
2630
244
3590
4883
3675
5764
833
3059
4129
5063
2135
3211
6215
1498
5013
62
493
5083
5228
2879
1341
1795
6156
648
1914
1179
261
5261
3146
2392
4124
4459
754
172
3260
4859
4018
5715
2143
2032
6291
572
688
4412
3776
2076
183
5722
3777
278
523
2001
5379
2195
3141
4929
5502
2317
1144
938
1308
1699
4312
3801
5164
3438
1656
1440
4649
3877
1022
1114
5544
553
5084
5694
3328
6264
5736
66
806
2663
4639
1204
4922
3158
4525
386
5411
464
269
2643
6262
2339
2171
6395
637
2793
3445
654
1949
4052
2936
2477
245
1627
4199
209
5205
5167
6199
433
2397
783
3229
5498
3543
214
4643
3193
4662
2284
203
4995
3888
4729
5613
5925
3204
2702
2741
4749
56
799
2531
3750
551
3644
4363
5503
80
4490
5257
3075
324
19
1677
1441
1806
4723
1163
1714
1827
6284
1274
318
481
2712
5680
5947
5047
6121
3649
6001
4452
206
5141
1658
729
4724
6006
2465
1540
1172
486
5093
2595
4150
4072
3182
37
1057
994
5547
2899
5038
642
1971
2763
3084
1835
5272
4368
5364
6374
3526
181
5335
1189
3312
6046
4221
2792
3698
4512
182
967
4322
1029
2801
3913
2708
161
302
1150
4239
1185
2136
4997
2163
5248
6084
3711
3588
5317
5470
5572
3420
3762
4127
4081
5952
674
6128
4992
817
778
1006
2115
4636
4314
1468
4796
3723
4364
6165
4268
121
1866
1418
4657
1368
5099
5953
5464
5603
256
1802
4050
1917
3488
6269
2401
3074
570
3382
3320
6326
4214
4904
5595
1685
6094
5860
535
2083
5967
109
4302
2956
4335
3652
3055
3346
382
3122
1141
709
1088
2197
3537
4294
5637
336
3724
118
2138
6237
5737
4409
2445
1169
5080
4894
5346
2928
3540
2179
57
714
3016
4813
1084
4248
1621
6209
2781
5409
2213
5070
425
645
4837
1541
5962
5405
2418
6235
2668
2797
4874
1444
3930
4998
4219
657
5476
563
3712
2940
4136
432
5348
2589
3967
984
3009
2219
348
6249
48
3941
3576
290
4471
1855
3066
2247
4506
6232
2633
1909
4411
3458
113
305
837
81
1064
5670
217
6293
5354
4898
2235
1196
981
5036
3654
2405
9
3479
3291
4309
2069
1566
4670
5760
3127
1898
101
3553
3784
6076
2351
1557
536
569
4711
475
4968
116
4848
1460
5376
2701
3126
1068
5223
571
3284
4134
6051
3515
4993
5661
1394
1309
2996
549
901
773
1817
1174
6311
242
5442
658
2243
626
2302
257
1622
1092
4556
5901
4671
4746
4147
5283
5229
381
5776
235
2870
2634
5936
2225
5563
4761
171
3
950
3235
2765
4236
2893
4431
3350
1748
3067
507
3856
5674
851
3828
3142
3670
1446
1657
6277
178
146
5998
4624
1834
774
899
4348
959
1613
4381
759
3751
5588
428
4026
3256
4769
1374
2584
3605
956
4180
5226
5440
457
2460
3979
51
2182
518
3740
5542
5215
4614
3210
878
2530
2252
449
1767
3164
2236
200
3404
5267
929
2112
3495
175
896
4422
3743
4272
4111
1933
722
3615
6390
2497
537
2513
3512
937
4948
3720
3551
1080
6166
4227
3582
3757
3990
134
1705
870
3096
315
3383
5749
3945
5894
5214
84
1724
2824
5256
4892
50
6138
4915
5365
717
1887
4370
3338
3709
6043
622
2676
5966
3123
546
1075
4913
2229
2204
2487
1148
5808
5951
2262
3971
1761
3758
4564
4495
1663
3373
1194
5366
6206
1346
3391
3241
3177
5529
1033
1528
3839
5857
4812
2015
5624
5007
2535
2111
4483
1886
3536
1214
1009
6032
3817
2706
2058
2506
2550
1883
1125
5196
5463
4754
199
4421
1279
958
4245
1947
4337
842
2272
4095
1136
1249
360
4699
3493
1694
83
2902
77
413
4329
2645
4479
5017
1003
3854
3549
4637
5783
1867
6034
3472
4223
5043
3692
4410
4727
3121
4792
4880
4510
3390
74
3535
2656
687
300
4171
707
4175
3120
5165
3411
3237
1284
1410
5772
1839
59
876
6086
6321
3322
415
4189
3250
4905
5516
2246
2653
4109
2734
1079
3249
5015
7
5219
1591
2011
1872
5751
3759
4334
1616
1712
2640
1409
5804
2495
1513
5972
6300
5243
602
2432
5693
3822
949
1592
2437
2851
5270
267
2021
1372
4956
6342
2877
2808
6350
824
3869
2148
1438
252
5191
4616
1747
4613
5029
2184
4047
912
2312
4816
6078
3978
1561
3683
1069
1904
467
1422
4725
2333
4113
2842
264
2330
1849
1923
3240
6010
2769
5828
105
4345
932
2642
595
4460
5349
5216
2749
4704
2736
5060
4697
1666
3386
3200
1215
5926
445
471
2379
3482
393
3703
3265
615
3734
2976
4694
1250
5631
1706
6097
5249
3011
5422
279
787
3726
365
2158
6063
679
3124
2177
3568
3889
2772
1391
4501
34
736
2326
4388
2773
2114
1977
2484
4890
357
2178
5908
1489
3334
1583
1246
996
5965
5657
5590
343
4884
2538
2123
3234
3435
2691
671
5389
5540
1858
557
4962
1276
2227
3621
2707
3399
2501
6296
5859
1134
2520
3108
1772
1
2684
3639
1170
4251
2922
3106
4003
3885
112
4494
3622
5147
5046
6274
2077
3287
1082
5069
5633
2097
3951
5433
1210
3083
4025
3947
5500
4742
176
5386
4520
1700
6367
632
6120
3185
5061
4476
4400
5732
2221
2542
5666
639
6371
322
845
3452
6065
3361
5981
2139
249
1660
2078
5909
1266
4264
2945
3323
4413
5427
5610
5851
2644
346
4144
4349
638
4008
5712
5836
1495
5612
3191
1799
2813
2709
355
2682
2261
749
2060
3430
2901
1373
3347
3620
5942
2165
2703
3116
680
918
930
6139
4292
1715
554
519
3569
439
3530
625
5033
2658
2066
627
6202
635
1525
366
2423
4834
5341
1063
5108
5490
1890
4145
4384
2853
2106
1255
4722
4751
761
2047
1182
2090
2740
909
3300
4012
397
752
3441
4206
1878
1938
3894
6143
3342
5441
2463
2102
2254
6281
4058
1733
4477
2052
2119
4099
2561
4241
3798
292
3315
2977
5763
3834
5297
1481
5535
6087
2900
6398
1894
2612
2253
1334
4835
3982
3418
2406
3039
169
3925
1642
5961
651
228
494
1697
2775
4094
5120
2288
1447
309
2560
3207
3773
1285
5566
795
4996
4961
5385
5568
1820
4583
4602
5717
4037
6013
5251
5997
1533
4739
1749
1158
4589
1283
4557
4582
4103
231
4524
2978
603
5039
5323
5076
3155
6257
4946
2096
2388
3187
2054
230
6172
685
4941
398
3513
3194
1779
2896
1983
2313
3650
838
1390
5253
5919
1349
3400
4100
2444
6080
2592
43
1258
6210
